    0
  560
  560
 1720
 2881
 4040
 5197
 6352
 7505
 8655
 9804
10951
12095
13238
14379
15518
16654
17788
18921
20051
21180
22306
23431
24553
25674
26793
27909
29023
30136
31247
32356
33462
34566
35669
36770
37868
38966
40061
41153
42244
43333
44420
45506
46589
47671
48751
49828
50903
51977
53048
54118
55186
55692
56757
56658
56557
56456
56355
56255
56154
56054
55954
55854
55754
55654
55555
55456
55357
55258
55159
55061
54963
54865
54767
54669
54572
54474
54377
54280
54183
54086
53989
53893
53797
53701
53604
53509
53414
53318
53223
53128
53033
52939
52844
52750
52655
52561
52467
52374
52280
52187
52093
52000
52468
52375
53444
54513
55580
56646
57709
58771
59831
60889
61945
62999
64052
65102
  614
 1660
 2705
 3747
 4788
 5827
 6864
 7900
 8933
 9965
10995
12023
13049
14074
15096
16117
17136
18153
19169
20182
21194
22204
23212
24218
25223
26225
27226
28225
29222
30218
31211
32203
33194
34183
35170
36156
36579
37561
37379
37196
37012
36830
36647
36466
36284
36102
35922
35741
35560
35380
35200
35021
34842
34663
34484
34306
34128
33950
33773
33596
33419
33243
33067
32892
32717
32541
32367
32193
32018
31845
31671
31498
31325
31153
30980
30808
30637
30465
30294
30124
29953
29783
29613
29443
29274
29106
28937
29329
29161
30154
31149
32141
33132
34121
35108
36094
37077
38059
39039
40017
40994
41968
42941
43913
44882
45851
46817
47781
48744
49705
50664
51621
52578
53532
54485
55436
56385
57332
58278
59222
60165
61106
62045
62982
63918
64851
  248
 1179
 2108
 3035
 3961
 4885
 5808
 6729
 7648
 8565
 9482
 9836
10749
10498
10247
 9995
 9743
 9493
 9242
 8992
 8743
 8494
 8245
 7997
 7749
 7502
 7255
 7009
 6763
 6518
 6272
 6028
 5784
 5540
 5297
 5054
 4812
 4570
 4329
 4088
 3847
 3608
 3368
 3128
 2889
 2650
 2412
 2175
 1937
 1700
 1464
 1228
  993
  758
  523
  289
   55
65357
65124
64891
64659
64427
64756
64525
65456
  851
 1781
 2709
 3635
 4560
 5483
 6405
 7325
 8243
 9159
10074
10987
11899
12809
13717
14624
15529
16433
17335
18235
19134
20031
20927
21820
22713
23604
24493
25381
26267
27152
28034
28915
29795
30674
31550
32425
33299
34171
35041
35910
36778
37643
38508
39371
40232
41092
41950
42246
43102
42794
42484
42175
41868
41560
41253
40946
40640
40334
40029
39725
39421
39118
38815
38513
38211
37910
37609
37308
37009
36710
36411
36113
35815
35518
35222
34926
34631
34336
34042
33747
33454
33162
32869
32578
32286
31995
31705
31415
31126
30837
30550
30262
29975
29688
29402
29116
28831
28547
28823
28539
29418
30297
31174
32050
32924
33797
34668
35537
36405
37272
38136
39000
39862
40722
41581
42438
43294
44149
45001
45852
46702
47551
48397
49243
50086
50928
51769
52608
53446
54282
55117
55950
56782
57612
58441
59268
60094
60919
61741
62563
63383
64202
65019
  299
 1113
 1926
 2737
 3547
 3796
 4603
 4247
 3890
 3533
 3177
 2822
 2467
 2113
 1759
 1406
 1054
  702
  351
    0
65187
64838
64489
64141
63794
63447
63101
62756
62411
62067
61724
61380
61038
60696
60355
60014
59675
59335
58996
58658
58321
57984
57648
57312
56976
56642
56308
55975
55642
55310
54978
54647
54316
53987
53657
53328
53560
53232
54067
54903
55736
56568
57399
58228
59056
59882
60707
61531
62353
63173
63992
64809
   90
  904
 1717
 2529
 3339
 4149
 4956
 5762
 6566
 7369
 8171
 8971
 9770
10568
11363
12158
12951
13743
14533
15322
16110
16896
17681
18465
19247
20027
20806
21583
22360
23135
23908
24680
25451
26221
26429
27195
26799
26402
26005
25609
25214
24819
24425
24031
23639
23247
22856
22466
22076
21687
21298
20911
20524
20138
19752
19367
18983
18599
18216
17834
17452
17072
16691
16312
15933
15555
15177
14800
14424
14049
13674
13300
12927
12554
12182
11810
11440
11069
10700
10331
 9963
 9595
 9228
 8862
 8496
 8691
 8327
 9125
 9924
10721
11517
12311
13104
13895
14686
15474
16261
17047
17832
18614
19396
20177
20956
21733
22510
23284
24058
24830
25601
26370
27138
27904
28669
29433
30196
30957
31717
32475
33233
33988
34743
35496
36248
36998
37748
38495
39242
39986
40730
41472
42213
42953
43692
44429
45165
45340
46072
45643
45212
44782
44352
43924
43496
43069
42643
42217
41792
41368
40945
40522
40101
39680
39259
38840
38421
38003
37585
37168
36752
36337
35923
35510
35097
34684
34273
33863
33453
33043
32635
32227
31820
31414
31008
30603
30199
29796
29393
28991
28590
28189
27789
27390
26991
26593
26196
25800
25964
25569
26337
27105
27872
28637
29401
30164
30925
31685
32444
33201
33957
34711
35464
36216
36966
37716
38463
39210
39954
40698
41440
42181
42922
43660
44397
45133
45868
46601
47333
48063
48792
49521
50247
50973
51697
52420
53142
53862
54581
55299
56015
56730
57444
58157
58868
59578
60287
60995
61141
61846
61388
60930
60472
60014
59557
59102
58647
58192
57739
57287
56836
56385
55935
55485
55036
54589
54142
53696
53251
52807
52363
51919
51477
51036
50595
50156
49717
49279
48842
48405
47969
47534
47100
46666
46234
45802
45370
44940
44510
44082
43654
43226
42799
42373
41948
41524
41101
40678
40255
40394
39974
40716
41458
42199
42939
43677
44415
45150
45885
46618
47350
48080
48809
49538
50264
50990
51714
52437
53158
53878
54597
55315
56031
56746
57460
58173
58884
59594
60303
61010
61717
62422
63125
63828
64530
65230
  392
 1090
 1786
 2481
 3175
 3868
 4559
 5249
 5939
 6626
 7313
 7998
 8682
 8805
 9487
 9006
 8524
 8042
 7562
 7082
 6604
 6126
 5649
 5173
 4697
 4222
 3748
 3275
 2803
 2332
 1861
 1392
  923
  455
65524
65058
64593
64128
63664
63201
62739
62278
61817
61358
60899
60441
59984
59527
59072
58617
58162
57709
57257
56806
56355
55906
55456
55007
54560
54113
53667
53222
52778
52335
52451
52009
52729
53450
54171
54889
55606
56322
57037
57750
58462
59173
59882
60591
61298
62004
62709
63412
64114
64815
65514
  676
 1374
 2070
 2764
 3457
 4149
 4841
 5530
 6218
 6906
 7591
 8276
 8960
 9642
10323
11004
11682
12360
13036
13711
14385
15058
15729
16399
17069
17736
18403
19068
19733
19836
20498
19998
19496
18994
18494
17994
17496
16998
16501
16005
15510
15016
14523
14031
13540
13049
12560
12071
11583
11097
10611
10126
 9642
 9158
 8676
 8195
 7714
 7234
 6754
 6276
 5798
 5321
 4845
 4370
 3896
 3423
 2951
 2480
 2009
 1540
 1071
  602
  135
65204
64738
64273
63809
63346
62883
62422
62521
62062
62764
63467
64169
64870
   33
  732
 1428
 2124
 2819
 3512
 4204
 4895
 5584
 6273
 6960
 7646
 8331
 9015
 9697
10378
11058
11737
12414
13091
13765
14439
15112
15783
16454
17123
17791
18457
19123
19787
20450
21112
21773
22432
23091
23748
24404
25059
25713
26366
27017
27667
28317
28964
29051
29697
29180
28661
28144
27629
27114
26600
26086
25574
25063
24553
24043
23534
23027
22520
22014
21509
21005
20501
19998
19496
18994
18494
17994
17496
16998
16501
16005
15510
15016
14523
14031
13540
13049
12560
12071
11583
11097
10611
10126
 9642
 9158
 8676
 8195
 7714
 7234
 6754
 6276
 5798
 5321
 5405
 4930
 5618
 6306
 6994
 7680
 8364
 9048
 9730
10411
11091
11769
12447
13123
13798
14472
15145
15816
16486
17156
17823
18490
19156
19820
20483
21145
21805
22464
23123
23780
24436
25091
25745
26397
27048
27698
28348
28995
29642
30287
30932
31575
32217
32859
33499
34137
34775
35412
36047
36681
36754
37386
36856
36324
35793
35264
34735
34208
33681
33155
32630
32106
31583
31061
30539
30019
29500
28981
28463
27946
27431
26916
26402
25888
25376
24865
24355
23845
23336
22829
22322
21816
21311
20807
20304
19802
19300
18800
18300
17802
17304
16807
16311
15817
15322
14829
14337
13846
13354
12864
12374
12446
11958
12633
13309
13983
14657
15329
16001
16671
17339
18007
18673
19338
20002
20665
21326
21986
22646
23304
23961
24617
25271
25924
26577
27228
27878
28526
29174
29821
30466
31110
31753
32395
33036
33675
34314
34951
35587
36222
36856
37489
38121
38751
39380
40009
40636
41262
41887
42511
43134
43195
43816
43273
42730
42188
41647
41106
40567
40028
39491
38954
38418
37883
37349
36817
36286
35755
35226
34697
34169
33643
33117
32592
32068
31545
31023
30501
29981
29461
28943
28425
27908
27392
26878
26363
25850
25338
24827
24316
23807
23298
22791
22284
21778
21273
20769
20266
19764
19262
18762
18262
18324
17826
18491
19157
19820
20483
21145
21806
22465
23124
23781
24437
25092
25746
26398
27049
27699
28348
28996
29643
30288
30933
31576
32218
32859
33500
34138
34776
35412
36048
36682
37315
37947
38578
39208
39836
40464
41091
41715
42339
42962
43584
44206
44825
45444
46061
46678
47294
47908
48521
48573
49184
48633
48080
47528
46978
46428
45880
45332
44785
44240
43695
43151
42608
42065
41524
40984
40444
39906
39369
38833
38298
37764
37231
36699
36168
35637
35108
34579
34051
33525
32999
32474
31950
31427
30904
30383
29863
29343
28825
28307
27790
27274
26759
26245
25732
25220
24709
24198
23689
23180
23233
22726
23381
24038
24694
25349
26002
26654
27305
27954
28603
29250
29897
30542
31186
31829
32471
33111
33750
34389
35026
35662
36297
36931
37564
38195
38825
39455
40083
40710
41336
41961
42585
43208
43829
44449
45068
45687
46304
46919
47534
48148
48761
49372
49983
50592
51201
51808
52414
53019
53063
53666
53106
52546
51987
51428
50870
50314
49758
49203
48649
48096
47544
46993
46444
45895
45348
44801
44255
43710
43166
42623
42081
41540
40999
40460
39921
39383
38848
38313
37779
37246
36713
36182
35652
35122
34594
34066
33539
33013
32488
31964
31441
30919
30398
29877
29358
28839
28322
27805
27289
27334
26820
27468
28118
28766
29414
30060
30704
31348
31991
32632
33273
33912
34551
35187
35823
36458
37092
37724
38355
38985
39615
40242
40869
41495
42120
42743
43365
43986
44606
45226
45843
46460
47076
47690
48304
48917
49528
50138
50747
51356
51963
52568
53173
53777
54380
54982
55582
56181
56780
56817
57414
56848
56281
55714
55149
54585
54022
53460
52898
52338
51779
51220
50662
50106
49551
48997
48444
47892
47340
46790
46240
45692
45144
44597
44052
43507
42963
42421
41879
41339
40799
40261
39723
39186
38651
38116
37582
37048
36516
35985
35455
34925
34397
33869
33342
32816
32291
31767
31244
30722
30761
30240
30882
31525
32167
32809
33449
34087
34725
35362
35997
36631
37264
37896
38528
39157
39785
40413
41040
41665
42289
42912
43535
44156
44775
45394
46011
46628
47244
47858
48471
49083
49694
50304
50913
51520
52127
52733
53338
53942
54544
55145
55745
56345
56943
57540
58136
58731
59325
59918
59950
60540
59968
59395
58823
58251
57682
57113
56546
55979
55413
54848
54284
53721
53159
52599
52039
51481
50923
50366
49811
49256
48702
48149
47596
47045
46496
45947
45399
44853
44307
43762
43218
42675
42133
41591
41051
40511
39973
39435
38898
38363
37829
37296
36763
36232
35702
35172
34644
34116
33589
33623
33098
33736
34374
35012
35648
36283
36916
37549
38181
38811
39440
40069
40695
41321
41946
42570
43193
43814
44435
45054
45672
46290
46906
47521
48135
48748
49359
49969
50579
51187
51795
52401
53006
53610
54213
54815
55417
56016
56614
57212
57809
58405
58999
59592
60185
60776
61366
61956
62544
62571
63157
62580
62002
61426
60850
60276
59703
59131
58559
57989
57419
56851
56283
55717
55152
54588
54025
53462
52901
52341
51781
51223
50665
50108
49554
49000
48446
47894
47343
46793
46243
45695
45147
44600
44054
43509
42965
42423
41882
41342
40802
40264
39726
39189
38653
38118
37584
37051
36519
35988
36017
35488
36121
36755
37388
38020
38650
39280
39908
40536
41162
41787
42411
43034
43656
44277
44896
45514
46132
46749
47363
47977
48590
49203
49814
50423
51032
51639
52246
52852
53456
54059
54661
55262
55862
56462
57059
57656
58252
58847
59441
60034
60625
61215
61805
62393
62981
63568
64153
64737
64760
65342
64761
64180
63600
63020
62442
61864
61288
60714
60140
59566
58994
58423
57853
57283
56716
56149
55583
55018
54454
53891
53329
52768
52207
51648
51090
50533
49978
49423
48869
48316
47763
47212
46662
46112
45564
45016
44470
43925
43381
42838
42296
41755
41214
40675
40136
39599
39062
38526
37991
38017
37484
38113
38744
39373
40002
40629
41255
41880
42504
43127
43748
44368
44988
45606
46224
46839
47454
48068
48681
49293
49904
50513
51122
51729
52336
52941
53545
54148
54750
55351
55951
56550
57148
57744
58340
58935
59529
60121
60712
61303
61892
62481
63068
63654
64239
64823
65406
  452
 1033
 1054
 1632
 1048
  463
65415
64833
64252
63672
63092
62514
61936
61359
60784
60210
59637
59065
58494
57924
57354
56786
56218
55652
55087
54523
53960
53398
52837
52276
51717
51158
50601
50045
49490
48936
48383
47831
47279
46729
46180
45631
45083
44537
43991
43447
42904
42361
41820
41280
40740
40202
39664
39687
39152
39778
40406
41032
41658
42282
42905
43527
44148
44768
45386
46004
46621
47236
47850
48463
49075
49687
50297
50905
51513
52120
52726
53330
53934
54536
55138
55738
56337
56936
57533
58128
58723
59317
59910
60502
61093
61682
62271
62858
63445
64031
64616
65199
  245
  826
 1407
 1986
 2565
 2582
 3158
 2571
 1984
 1397
  812
  228
65181
64599
64018
63437
62858
62280
61703
61128
60553
59979
59406
58834
58262
57693
57124
56557
55990
55424
54859
54295
53732
53170
52610
52050
51492
50934
50377
49821
49267
48713
48159
47607
47056
46507
45958
45410
44864
44318
43773
43229
42686
42144
41602
41062
41082
40544
41168
41793
42417
43040
43662
44282
44901
45520
46137
46754
47369
47983
48596
49208
49819
50429
51037
51645
52251
52857
53461
54064
54666
55268
55868
56467
57065
57662
58257
58852
59446
60039
60631
61221
61810
62399
62986
63573
64158
64742
65325
  371
  952
 1533
 2112
 2691
 3267
 3843
 3858
 4432
 3844
 3254
 2666
 2078
 1491
  906
  322
65275
64692
64111
63531
62951
62373
61796
61220
60645
60071
59498
58926
58355
57785
57216
56648
56082
55516
54951
54387
53824
53262
52700
52140
51582
51024
50467
49911
49356
48802
48249
47697
47146
46596
46046
45498
44951
44405
43860
43316
42773
42231
42249
41709
42331
42954
43576
44198
44817
45435
46053
46670
47285
47899
48512
49125
49736
50346
50955
51562
52169
52775
53379
53982
54585
55186
55786
56386
56984
57581
58177
58771
59365
59958
60551
61141
61730
62319
62906
63493
64079
64663
65246
  292
  873
 1454
 2033
 2612
 3189
 3765
 4340
 4914
 4927
 5499
 4909
 4318
 3727
 3138
 2549
 1962
 1376
  791
  207
65160
64578
63997
63416
62838
62260
61683
61108
60533
59959
59386
58814
58243
57674
57105
56538
55971
55405
54840
54276
53713
53151
52591
52031
51473
50915
50358
49802
49247
48693
48140
47588
47037
46487
45939
45391
44845
44299
43754
43210
43227
42684
43305
43926
44546
45166
45783
46400
47016
47631
48244
48857
49468
50078
50688
51296
51904
52509
53114
53718
54321
54923
55524
56123
56722
57319
57916
58512
59106
59699
60291
60882
61472
62062
62649
63236
63822
64407
64991
   38
  620
 1200
 1780
 2358
 2936
 3513
 4088
 4663
 5237
 5810
 5821
 6391
 5799
 5206
 4614
 4023
 3432
 2844
 2256
 1669
 1084
  499
65451
64869
64287
63707
63128
62549
61971
61395
60819
60245
59672
59100
58528
57958
57389
56820
56252
55687
55122
54558
53995
53432
52871
52311
51751
51193
50635
50079
49524
48970
48417
47865
47314
46764
46214
45666
45118
44571
44025
44040
43497
44116
44736
45355
45972
46589
47205
47819
48432
49045
49656
50266
50876
51483
52090
52696
53300
53904
54507
55108
55708
56307
56906
57504
58099
58694
59288
59881
60473
61065
61654
62243
62830
63417
64003
64588
65171
  217
  798
 1378
 1958
 2536
 3114
 3691
 4266
 4840
 5413
 5985
 6556
 6566
 7136
 6543
 5949
 5356
 4764
 4172
 3582
 2993
 2405
 1818
 1233
  648
   64
65017
64434
63854
63275
62696
62119
61542
60966
60391
59817
59245
58674
58103
57534
56965
56398
55831
55265
54700
54137
53575
53014
52453
51894
51335
50778
50221
49665
49110
48556
48004
47453
46902
46353
45804
45257
44710
44724
44179
44797
45415
46033
46650
47265
47879
48492
49105
49716
50326
50935
51542
52149
52755
53359
53963
54565
55166
55766
56366
56964
57561
58157
58751
59345
59938
60531
61121
61710
62299
62887
63473
64059
64644
65227
  273
  854
 1435
 2014
 2593
 3170
 3746
 4321
 4895
 5468
 6040
 6611
 7182
 7191
 7759
 7164
 6568
 5974
 5381
 4789
 4198
 3607
 3018
 2430
 1843
 1257
  672
   88
65041
64459
63878
63298
62720
62142
61565
60990
60415
59841
59269
58697
58127
57558
56989
56421
55855
55289
54724
54161
53599
53037
52477
51918
51359
50801
50245
49689
49134
48580
48028
47476
46926
46377
45828
45280
45294
44748
45365
45982
46599
47215
47828
48442
49054
49665
50275
50884
51491
52098
52704
53309
53913
54515
55116
55716
56316
56914
57512
58108
58702
59296
59889
60482
61073
61662
62251
62838
63425
64011
64596
65179
  225
  806
 1387
 1966
 2545
 3122
 3699
 4274
 4848
 5421
 5993
 6564
 7135
 7704
 7713
 8279
 7683
 7087
 6491
 5897
 5304
 4712
 4121
 3530
 2941
 2353
 1767
 1181
  596
   12
64965
64383
63802
63223
62644
62067
61490
60914
60339
59766
59194
58623
58053
57483
56915
56347
55780
55214
54650
54087
53525
52964
52403
51844
51285
50728
50171
49615
49061
48508
47956
47405
46854
46305
45756
45769
45222
45838
46454
47070
47685
48299
48911
49522
50133
50742
51351
51957
52563
53168
53772
54375
54976
55576
56176
56774
57372
57969
58563
59157
59750
60343
60934
61524
62113
62700
63287
63873
64458
65042
   89
  670
 1250
 1830
 2408
 2986
 3563
 4138
 4713
 5286
 5859
 6430
 7000
 7570
 8138
 8146
 8712
 8117
 7519
 6923
 6328
 5734
 5141
 4549
 3958
 3369
 2780
 2192
 1606
 1020
  435
65388
64806
64225
63644
63065
62486
61909
61332
60757
60183
59610
59038
58467
57896
57327
56758
56192
55626
55061
54497
53934
53372
52810
52250
51691
51132
50575
50019
49465
48911
48357
47805
47254
46704
46154
46166
45618
46233
46849
47463
48077
48690
49303
49913
50522
51131
51738
52345
52950
53554
54157
54759
55360
55961
56559
57157
57753
58349
58944
59538
60130
60721
61312
61901
62490
63077
63663
64248
64832
65415
  461
 1042
 1623
 2201
 2779
 3356
 3931
 4506
 5080
 5653
 6225
 6796
 7365
 7934
 8501
 8508
 9074
 8477
 7880
 7283
 6687
 6092
 5498
 4906
 4315
 3725
 3135
 2547
 1959
 1373
  788
  204
65157
64575
63994
63414
62835
62257
61681
61105
60530
59956
59383
58811
58241
57671
57103
56535
55968
55402
54837
54273
53710
53148
52588
52028
51470
50912
50355
49800
49245
48691
48138
47585
47034
46485
46496
45949
46563
47179
47794
48407
49019
49630
50241
50850
51458
52064
52670
53275
53879
54481
55082
55683
56282
56881
57478
58074
58669
59263
59856
60448
61039
61629
62217
62805
63391
63977
64562
65146
  192
  774
 1354
 1933
 2512
 3089
 3666
 4241
 4815
 5388
 5960
 6532
 7102
 7671
 8240
 8807
 8813
 9378
 8781
 8182
 7585
 6989
 6394
 5800
 5207
 4615
 4023
 3433
 2845
 2257
 1670
 1084
  500
65452
64869
64288
63708
63128
62550
61972
61396
60820
60246
59673
59101
58529
57959
57390
56821
56253
55688
55123
54559
53996
53433
52872
52312
51752
51194
50636
50080
49525
48971
48418
47866
47315
46764
46775
46226
46840
47455
48069
48682
49294
49905
50514
51123
51730
52337
52942
53546
54149
54751
55352
55952
56551
57148
57745
58341
58936
59530
60122
60713
61304
61893
62481
63069
63655
64240
64824
65407
  453
 1034
 1615
 2193
 2771
 3347
 3923
 4498
 5072
 5645
 6217
 6788
 7357
 7926
 8493
 9060
 9066
 9631
 9033
 8435
 7837
 7240
 6645
 6050
 5457
 4864
 4273
 3683
 3093
 2505
 1917
 1332
  747
  163
65116
64533
63952
63372
62793
62216
61639
61063
60488
59914
59341
58769
58199
57629
57061
56493
55926
55361
54796
54232
53669
53107
52547
51988
51429
50871
50315
49759
49204
48650
48097
47545
46994
47005
46456
47070
47685
48299
48911
49522
50133
50742
51351
51957
52563
53168
53772
54375
54976
55576
56176
56774
57372
57969
58563
59157
59750
60343
60934
61524
62113
62700
63287
63873
64458
65042
   89
  670
 1250
 1830
 2408
 2986
 3563
 4138
 4713
 5286
 5859
 6430
 7000
 7570
 8138
 8706
 9272
 9277
 9841
 9243
 8643
 8045
 7448
 6852
 6258
 5664
 5071
 4478
 3888
 3299
 2710
 2123
 1536
  950
  366
65319
64737
64156
63575
62996
62417
61840
61264
60689
60115
59542
58970
58399
57828
57259
56691
56124
55559
54994
54430
53867
53304
52743
52183
51623
51066
50509
49953
49398
48844
48291
47739
47188
47197
46648
47261
47875
48488
49100
49711
50322
50930
51538
52144
52750
53355
53958
54560
55161
55762
56361
56960
57556
58152
58747
59341
59934
60526
61116
61706
62294
62882
63469
64054
64639
65222
  269
  850
 1430
 2010
 2588
 3166
 3742
 4316
 4890
 5463
 6036
 6607
 7177
 7747
 8314
 8881
 9447
 9452
10016
 9417
 8818
 8219
 7622
 7025
 6430
 5836
 5243
 4651
 4060
 3469
 2881
 2293
 1707
 1121
  536
65488
64905
64324
63743
63164
62585
62008
61431
60855
60281
59708
59136
58565
57994
57425
56856
56289
55722
55157
54593
54030
53468
52907
52346
51787
51228
50671
50114
49559
49005
48452
47900
47348
47358
46809
47422
48036
48649
49261
49871
50480
51089
51697
52303
52909
53513
54116
54718
55319
55920
56518
57116
57712
58308
58903
59497
60089
60680
61271
61860
62449
63036
63623
64208
64792
65375
  421
 1002
 1583
 2162
 2740
 3316
 3892
 4467
 5041
 5614
 6186
 6758
 7327
 7896
 8463
 9030
 9596
 9601
10165
 9566
 8967
 8368
 7771
 7174
 6578
 5983
 5390
 4798
 4207
 3617
 3027
 2439
 1852
 1266
  681
   97
65050
64468
63887
63307
62729
62151
61575
60999
60424
59850
59277
58706
58135
57566
56997
56430
55863
55297
54732
54168
53606
53045
52484
51925
51366
50809
50252
49696
49141
48587
48035
47484
47493
46944
47557
48171
48784
49395
50005
50615
51223
51831
52437
53042
53646
54249
54851
55452
56051
56650
57247
57844
58440
59035
59628
60220
60811
61402
61991
62580
63166
63752
64337
64921
65504
  550
 1131
 1711
 2289
 2867
 3444
 4019
 4594
 5168
 5741
 6313
 6883
 7452
 8021
 8589
 9155
 9721
 9726
10290
 9692
 9091
 8493
 7895
 7298
 6703
 6108
 5514
 4922
 4330
 3740
 3151
 2562
 1975
 1388
  803
  219
65172
64590
64008
63428
62849
62271
61694
61119
60544
59970
59397
58824
58253
57684
57115
56548
55981
55415
54850
54286
53723
53161
52601
52041
51483
50925
50368
49812
49257
48703
48150
47598
47607
47057
47670
48284
48897
49508
50118
50727
51336
51943
52548
53153
53757
54360
54962
55563
56162
56761
57358
57955
58550
59144
59737
60329
60920
61511
62100
62688
63274
63860
64445
65029
   76
  657
 1238
 1817
 2396
 2973
 3550
 4126
 4701
 5274
 5846
 6417
 6987
 7557
 8125
 8693
 9260
 9826
 9830
10393
 9793
 9193
 8594
 7996
 7399
 6803
 6209
 5615
 5022
 4430
 3840
 3251
 2662
 2074
 1488
  902
  318
65271
64689
64107
63527
62948
62369
61792
61217
60642
60068
59495
58923
58351
57781
57212
56645
56078
55512
54947
54383
53820
53258
52697
52136
51578
51020
50464
49908
49353
48799
48246
47694
47702
47152
47764
48377
48989
49600
50211
50820
51428
52034
52640
53245
53849
54452
55053
55654
56253
56851
57449
58045
58640
59234
59827
60419
61010
61600
62188
62776
63362
63948
64533
65117
  163
  744
 1325
 1904
 2483
 3060
 3637
 4213
 4787
 5360
 5932
 6503
 7074
 7643
 8212
 8779
 9345
 9910
 9914
10477
 9878
 9277
 8678
 8079
 7483
 6887
 6292
 5698
 5105
 4513
 3923
 3333
 2745
 2157
 1570
  985
  400
65353
64770
64189
63609
63029
62451
61873
61298
60723
60149
59576
59003
58432
57862
57292
56724
56157
55591
55026
54462
53899
53337
52776
52215
51656
51098
50542
49986
49431
48877
48324
47772
47780
47230
47842
48455
49067
49679
50289
50897
51505
52112
52717
53322
53926
54528
55130
55730
56329
56928
57524
58120
58715
59309
59902
60494
61086
61675
62263
62851
63438
64024
64608
65192
  238
  819
 1399
 1979
 2557
 3135
 3712
 4286
 4860
 5434
 6006
 6577
 7147
 7717
 8285
 8852
 9418
 9983
 9987
10550
 9950
 9350
 8751
 8152
 7555
 6959
 6364
 5770
 5177
 4585
 3993
 3404
 2816
 2228
 1641
 1055
  471
65423
64840
64259
63679
63099
62521
61943
61367
60792
60218
59645
59072
58501
57931
57361
56793
56225
55659
55094
54530
53967
53405
52844
52284
51724
51166
50608
50052
49497
48943
48390
47838
47847
47296
47908
48521
49134
49745
50355
50964
51571
52178
52784
53389
53992
54594
55195
55795
56395
56993
57590
58186
58781
59374
59968
60560
61150
61739
62328
62916
63502
64088
64672
65255
  301
  883
 1463
 2042
 2621
 3198
 3774
 4349
 4923
 5496
 6068
 6640
 7210
 7779
 8347
 8914
 9480
10044
10048
10612
10012
 9412
 8812
 8214
 7616
 7020
 6425
 5831
 5238
 4646
 4054
 3464
 2875
 2288
 1701
 1115
  530
65483
64899
64318
63738
63158
62580
62002
61426
60850
60276
59703
59131
58559
57989
57419
56851
56283
55717
55152
54588
54025
53462
52901
52341
51781
51223
50665
50108
49554
49000
48446
47894
47903
47353
47965
48578
49190
49801
50411
51019
51627
52233
52839
53443
54046
54648
55249
55850
56449
57047
57643
58239
58834
59428
60021
60612
61203
61792
62381
62968
63555
64141
64725
65308
  354
  935
 1516
 2095
 2673
 3250
 3826
 4401
 4975
 5548
 6120
 6691
 7262
 7830
 8398
 8965
 9530
10095
10099
10662
10063
 9463
 8863
 8265
 7667
 7070
 6476
 5882
 5289
 4696
 4105
 3515
 2925
 2338
 1751
 1165
  580
65532
64949
64368
63788
63208
62630
62052
61476
60900
60325
59752
59180
58608
58038
57469
56900
56332
55766
55200
54636
54073
53511
52949
52389
51829
51271
50713
50157
49601
49047
48494
47941
47950
47400
48012
48625
49237
49848
50458
51066
51674
52281
52886
53490
54093
54695
55297
55897
56495
57093
57690
58286
58880
59474
60067
60659
61249
61838
62427
63015
63601
64186
64770
65353
  399
  981
 1561
 2140
 2718
 3295
 3870
 4445
 5019
 5592
 6165
 6736
 7305
 7874
 8441
 9008
 9574
10139
10143
10706
10107
 9506
 8907
 8308
 7711
 7114
 6518
 5924
 5331
 4739
 4148
 3558
 2968
 2380
 1794
 1208
  623
   39
64992
64410
63830
63250
62672
62094
61517
60941
60367
59793
59220
58649
58079
57509
56941
56373
55807
55241
54677
54114
53551
52990
52430
51870
51312
50754
50197
49642
49087
48534
47981
47990
47440
48052
48665
49277
49887
50497
51105
51713
52320
52924
53528
54131
54734
55335
55935
56534
57131
57728
58324
58919
59513
60105
60696
61286
61876
62464
63052
63638
64223
64807
65390
  437
 1018
 1598
 2178
 2755
 3332
 3908
 4483
 5057
 5630
 6202
 6773
 7343
 7911
 8479
 9045
 9611
10176
10180
10743
10144
 9543
 8944
 8346
 7748
 7151
 6556
 5962
 5368
 4776
 4185
 3595
 3005
 2417
 1830
 1244
  659
   75
65028
64446
63865
63286
62707
62129
61553
60977
60402
59828
59256
58685
58114
57545
56976
56409
55842
55276
54711
54148
53586
53025
52464
51905
51346
50789
50232
49676
49121
48567
48015
48024
47473
48086
48699
49311
49921
50530
51139
51746
52353
52958
53562
54165
54767
55368
55969
56567
57165
57762
58357
58952
59546
60138
60730
61320
61909
62498
63085
63671
64256
64840
65423
  469
 1051
 1631
 2209
 2787
 3364
 3940
 4514
 5088
 5661
 6234
 6804
 7373
 7942
 8510
 9076
 9642
10207
10211
10774
10175
 9573
 8974
 8376
 7778
 7181
 6585
 5991
 5398
 4805
 4214
 3624
 3034
 2446
 1859
 1273
  689
  105
65057
64475
63894
63315
62736
62158
61582
61006
60431
59857
59284
58713
58142
57573
57004
56437
55870
55304
54739
54175
53613
53052
52492
51932
51374
50816
50259
49703
49148
48594
48042
48051
47501
48113
48726
49338
49948
50558
51166
51774
52380
52985
53589
54192
54794
55396
55995
56594
57191
57788
58384
58979
59572
60164
60755
61345
61935
62523
63111
63697
64282
64865
65449
  495
 1076
 1656
 2235
 2812
 3389
 3965
 4540
 5114
 5687
 6259
 6829
 7399
 7967
 8535
 9102
 9668
10232
10236
10800
10200
 9599
 8999
 8401
 7803
 7207
 6611
 6016
 5423
 4831
 4240
 3649
 3060
 2471
 1885
 1299
  714
  130
65083
64501
63919
63340
62762
62184
61607
61031
60457
59883
59309
58738
58168
57598
57030
56462
55896
55330
54765
54201
53639
53077
52517
51958
51399
50841
50285
49729
49174
48620
48067
48076
47525
48137
48750
49362
49972
50581
51190
51797
52404
53009
53613
54216
54818
55419
56019
56617
57215
57811
58407
59002
59595
60187
60779
61369
61958
62547
63134
63719
64304
64888
65471
  517
 1099
 1678
 2257
 2834
 3411
 3987
 4562
 5136
 5709
 6280
 6850
 7420
 7988
 8556
 9123
 9688
10253
10257
10820
10219
 9618
 9019
 8420
 7822
 7226
 6630
 6035
 5442
 4850
 4259
 3668
 3079
 2490
 1903
 1317
  732
  148
65101
64519
63938
63357
62779
62201
61624
61049
60474
59900
59327
58755
58185
57616
57047
56479
55913
55347
54782
54218
53656
53095
52534
51975
51416
50859
50302
49746
49191
48637
48084
48093
47542
48155
48768
49379
49989
50599
51207
51815
52420
53025
53629
54232
54834
55436
56035
56634
57231
57828
58424
59018
59612
60204
60795
61385
61975
62563
63150
63736
64321
64905
65488
  534
 1115
 1694
 2273
 2851
 3427
 4003
 4578
 5152
 5725
 6296
 6867
 7436
 8005
 8572
 9139
 9705
10270
10274
10836
10236
 9634
 9035
 8436
 7839
 7242
 6646
 6051
 5458
 4866
 4275
 3685
 3095
 2507
 1919
 1333
  748
  164
65117
64535
63954
63374
62795
62218
61641
61065
60490
59916
59343
58771
58201
57631
57063
56495
55928
55362
54798
54234
53670
53109
52549
51989
51431
50873
50316
49761
49206
48652
48099
48106
47556
48168
48781
49392
50003
50612
51221
51828
52434
53039
53643
54246
54848
55449
56049
56647
57245
57841
58437
59032
59625
60217
60809
61399
61988
62577
63164
63749
64334
64918
65501
  547
 1129
 1708
 2287
 2864
 3441
 4017
 4592
 5166
 5739
 6310
 6880
 7450
 8018
 8586
 9153
 9718
10283
10287
10849
10249
 9648
 9048
 8449
 7852
 7255
 6659
 6064
 5470
 4878
 4287
 3696
 3107
 2519
 1931
 1345
  760
  176
65129
64547
63966
63385
62807
62229
61653
61077
60502
59928
59355
58783
58212
57643
57074
56507
55940
55374
54809
54245
53682
53121
52561
52001
51443
50885
50328
49772
49218
48663
48110
48118
47568
48180
48793
49404
50015
50624
51232
51840
52446
53051
53655
54258
54860
55461
56060
56659
57257
57853
58449
59044
59637
60229
60820
61411
62000
62589
63175
63761
64346
64930
65513
  559
 1140
 1720
 2298
 2876
 3453
 4029
 4603
 5177
 5750
 6322
 6892
 7462
 8030
 8598
 9164
 9730
10295
10298
10860
10260
 9659
 9059
 8460
 7862
 7266
 6670
 6075
 5481
 4889
 4298
 3707
 3118
 2529
 1942
 1356
  771
  187
65140
64558
63977
63396
62818
62240
61664
61088
60513
59939
59366
58794
58223
57654
57085
56518
55951
55385
54820
54256
53693
53132
52571
52012
51453
50896
50339
49783
49228
48674
48121
48129
47579
48190
48803
49414
50025
50634
51242
51850
52456
53061
53665
54268
54870
55471
56070
56669
57267
57863
58459
59053
59646
60238
60829
61420
62009
62598
63184
63770
64355
64939
65522
  568
 1150
 1729
 2307
 2885
 3462
 4038
 4612
 5186
 5759
 6330
 6900
 7470
 8038
 8606
 9173
 9738
10303
10306
10869
10268
 9667
 9067
 8468
 7871
 7274
 6678
 6083
 5489
 4897
 4306
 3716
 3126
 2538
 1950
 1364
  779
  195
65148
64566
63985
63405
62826
62248
61672
61096
60521
59947
59374
58802
58231
57662
57093
56526
55959
55393
54828
54264
53701
53140
52580
52020
51462
50904
50347
49791
49237
48683
48129
48137
47586
48197
48810
49421
50032
50641
51250
51857
52463
53068
53672
54275
54877
55477
56077
56675
57273
57870
58465
59059
59652
60245
60836
61426
62016
62604
63191
63777
64361
64945
65528
  575
 1156
 1735
 2314
 2891
 3468
 4044
 4619
 5193
 5765
 6336
 6907
 7476
 8045
 8612
 9179
 9745
10310
10313
10875
10275
 9673
 9073
 8475
 7877
 7280
 6684
 6090
 5496
 4903
 4312
 3722
 3132
 2544
 1956
 1371
  786
  202
65155
64572
63991
63411
62832
62255
61678
61102
60527
59953
59380
58808
58238
57668
57100
56532
55965
55400
54835
54271
53708
53146
52586
52027
51468
50910
50354
49798
49243
48689
48136
48144
47592
48204
48817
49428
50038
50648
51256
51864
52469
53074
53678
54281
54883
55484
56083
56682
57279
57876
58472
59066
59659
60251
60842
61432
62022
62610
63197
63783
64368
64952
65535
  581
 1162
 1742
 2320
 2898
 3475
 4050
 4625
 5199
 5771
 6343
 6913
 7482
 8051
 8619
 9185
 9751
10316
10319
10881
10281
 9680
 9079
 8481
 7883
 7287
 6691
 6096
 5502
 4910
 4319
 3728
 3139
 2550
 1963
 1377
  792
  208
65161
64579
63998
63417
62839
62261
61684
61109
60534
59960
59387
58814
58244
57675
57106
56539
55972
55406
54841
54277
53714
53152
52591
52032
51473
50916
50359
49803
49248
48694
48141
48149
47598
48209
48822
49433
50044
50653
51262
51869
52475
53080
53684
54287
54889
55489
56089
56687
57285
57881
58477
59071
59664
60256
60848
61438
62027
62616
63203
63788
64373
64957
    4
  586
 1167
 1746
 2325
 2902
 3479
 4055
 4630
 5204
 5776
 6347
 6918
 7487
 8055
 8623
 9190
 9756
10321
10324
10886
10285
 9684
 9084
 8485
 7888
 7291
 6695
 6100
 5507
 4914
 4323
 3733
 3143
 2555
 1967
 1381
  797
  213
65166
64583
64002
63422
62842
62265
61688
61112
60537
59963
59390
58818
58248
57678
57110
56542
55975
55410
54845
54281
53718
53155
52595
52036
51477
50919
50363
49807
49252
48698
48145
48153
47601
48213
48826
49437
50047
50657
51265
51873
52478
53083
53687
54290
54893
55493
56092
56691
57288
57885
58481
59075
59668
60260
60851
61442
62031
62619
63205
63791
64376
64960
    7
  589
 1170
 1749
 2327
 2905
 3482
 4058
 4632
 5206
 5779
 6350
 6920
 7490
 8058
 8626
 9193
 9758
10323
10326
10889
10288
 9687
 9087
 8488
 7891
 7294
 6698
 6103
 5509
 4917
 4326
 3736
 3146
 2558
 1970
 1384
  799
  215
65168
64586
64005
63425
62845
62267
61691
61115
60540
59966
59393
58821
58250
57680
57112
56544
55977
55411
54847
54283
53719
53157
52597
52037
51479
50921
50365
49809
49254
48700
48147
48155
47603
48214
48828
49439
50049
50658
51267
51875
52480
53085
53689
54292
54894
55495
56094
56693
57290
57887
58483
59077
59670
60262
60853
61443
62033
62620
63207
63793
64378
64962
    9
  591
 1171
 1751
 2329
 2907
 3484
 4059
 4634
 5208
 5780
 6352
 6922
 7492
 8060
 8628
 9194
 9760
10325
10328
10890
10290
 9689
 9088
 8490
 7892
 7296
 6700
 6105
 5511
 4919
 4328
 3737
 3148
 2559
 1972
 1386
  801
  217
65170
64588
64007
63426
62847
62269
61693
61117
60542
59968
59395
58823
58251
57682
57113
56546
55979
55413
54848
54284
53721
53159
52599
52039
51481
50923
50366
49811
49256
48702
48149
48156
47605
48216
48829
49441
50051
50660
51269
51876
52482
53087
53691
54294
54896
55496
56096
56694
57292
57889
58484
59078
59671
60264
60855
61445
62035
62622
63209
63795
64380
64964
   11
  593
 1173
 1753
 2331
 2909
 3485
 4061
 4636
 5210
 5782
 6354
 6924
 7493
 8062
 8629
 9196
 9762
10327
10330
10892
10292
 9691
 9090
 8492
 7894
 7298
 6702
 6107
 5513
 4921
 4330
 3739
 3150
 2561
 1974
 1387
  802
  218
65171
64589
64008
63427
62848
62270
61693
61118
60543
59969
59396
58824
58252
57683
57114
56547
55980
55414
54849
54285
53722
53160
52600
52040
51482
50924
50367
49811
49257
48703
48149
48157
47606
48217
48830
49441
50052
50661
51270
51877
52483
53088
53692
54295
54897
55497
56097
56695
57293
57890
58485
59079
59672
60265
60856
61446
62036
62623
63210
63796
64381
64964
   12
  594
 1174
 1753
 2332
 2910
 3486
 4062
 4637
 5211
 5783
 6354
 6925
 7494
 8063
 8630
 9197
 9763
10328
10331
10893
10293
 9692
 9091
 8493
 7895
 7298
 6703
 6108
 5514
 4922
 4330
 3740
 3151
 2562
 1975
 1388
  803
  219
65172
64590
64008
63428
62849
62271
61694
61119
60544
59970
59397
58824
58253
57684
57115
56548
55981
55415
54850
54286
53723
53161
52601
52041
51483
50925
50368
49812
49257
48703
48150
48158
47607
48218
48831
49442
50053
50662
51271
51878
52484
53089
53693
54296
54898
55498
56098
56696
57294
57890
58486
59080
59673
60265
60857
61447
62036
62624
63211
63797
64381
64965
   12
  595
 1175
 1754
 2333
 2911
 3487
 4063
 4638
 5212
 5784
 6355
 6926
 7495
 8064
 8631
 9198
 9764
10329
10332
10894
10294
 9692
 9092
 8494
 7896
 7299
 6704
 6109
 5515
 4923
 4331
 3741
 3152
 2563
 1975
 1389
  804
  220
65173
64591
64009
63429
62850
62272
61695
61120
60545
59971
59398
58825
58254
57685
57116
56549
55982
55416
54851
54287
53724
53162
52601
52042
51483
50926
50369
49813
49258
48704
48151
48159
47608
48219
48832
49443
50054
50663
51271
51879
52485
53090
53694
54297
54899
55499
56099
56697
57295
57891
58487
59081
59674
60266
60858
61448
62037
62625
63212
63797
64382
64966
   13
  596
 1176
 1755
 2334
 2911
 3488
 4064
 4639
 5213
 5785
 6356
 6927
 7496
 8065
 8632
 9199
 9765
10330
10333
10895
10295
 9693
 9093
 8495
 7897
 7300
 6704
 6110
 5516
 4923
 4332
 3742
 3152
 2564
 1976
 1390
  805
  221
65174
64592
64010
63430
62851
62273
61696
61120
60546
59972
59398
58826
58255
57686
57117
56549
55983
55417
54852
54288
53725
53163
52602
52043
51484
50927
50370
49814
49259
48705
48152
48160
47609
48220
48833
49444
50055
50664
51272
51880
52486
53091
53695
54298
54900
55500
56100
56698
57296
57892
58488
59082
59675
60267
60858
61449
62038
62626
63213
63798
64383
64967
   14
  596
 1177
 1756
 2335
 2912
 3489
 4065
 4640
 5214
 5786
 6357
 6928
 7497
 8065
 8633
 9200
 9766
10331
10334
10896
10295
 9694
 9094
 8495
 7898
 7301
 6705
 6110
 5517
 4924
 4333
 3743
 3153
 2565
 1977
 1391
  806
  222
65175
64592
64011
63431
62851
62274
61697
61121
60546
59972
59399
58827
58256
57686
57118
56550
55984
55418
54853
54289
53726
53164
52603
52044
51485
50928
50371
49815
49260
48706
48153
48161
47610
48221
48834
49445
50055
50665
51273
51881
52487
53092
53695
54299
54901
55501
56100
56699
57297
57893
58489
59083
59676
60268
60859
61450
62039
62627
63213
63799
64384
64968
   15
  597
 1178
 1757
 2336
 2913
 3490
 4066
 4641
 5215
 5787
 6358
 6928
 7498
 8066
 8634
 9201
 9767
10331
10335
10897
10296
 9695
 9095
 8496
 7899
 7302
 6706
 6111
 5517
 4925
 4334
 3744
 3154
 2566
 1978
 1391
  807
  223
65176
64593
64012
63432
62852
62275
61698
61122
60547
59973
59400
58828
58257
57687
57119
56551
55985
55419
54854
54290
53727
53165
52604
52045
51486
50929
50372
49816
49261
48707
48154
48162
47611
48222
48835
49446
50056
50666
51274
51882
52488
53092
53696
54299
54902
55502
56101
56700
57297
57894
58490
59084
59677
60269
60860
61451
62040
62628
63214
63800
64385
64969
   16
  598
 1179
 1758
 2337
 2914
 3491
 4067
 4642
 5216
 5788
 6359
 6929
 7499
 8067
 8635
 9202
 9767
10332
10335
10898
10297
 9696
 9096
 8497
 7900
 7303
 6707
 6112
 5518
 4926
 4335
 3745
 3155
 2567
 1979
 1392
  807
  224
65176
64594
64013
63433
62853
62276
61699
61123
60548
59974
59401
58829
58258
57688
57120
56552
55985
55420
54855
54291
53728
53165
52605
52046
51487
50929
50373
49817
49262
48708
48155
48163
47611
48223
48836
49447
50057
50667
51275
51883
52488
53093
53697
54300
54902
55503
56102
56701
57298
57895
58491
59085
59678
60270
60861
61452
62041
62629
63215
63801
64386
64970
   17
  599
 1179
 1759
 2337
 2915
 3492
 4068
 4642
 5216
 5789
 6360
 6930
 7500
 8068
 8636
 9203
 9768
10333
10336
10899
10298
 9697
 9097
 8498
 7901
 7304
 6708
 6113
 5519
 4927
 4336
 3746
 3156
 2568
 1980
 1393
  808
  224
65177
64595
64014
63434
62854
62277
61700
61124
60549
59975
59402
58830
58259
57689
57121
56553
55986
55421
54856
54292
53729
53166
52606
52047
51488
50930
50374
49818
49263
48709
48156
48164
47612
48224
48837
49448
50058
50668
51276
51884
52489
53094
53698
54301
54903
55504
56103
56702
57299
57896
58492
59086
59679
60271
60862
61452
62042
62629
63216
63802
64387
64971
   18
  600
 1180
 1760
 2338
 2916
 3493
 4068
 4643
 5217
 5790
 6361
 6931
 7501
 8069
 8637
 9203
 9769
10334
10337
10899
10299
 9698
 9098
 8499
 7901
 7305
 6709
 6114
 5520
 4928
 4337
 3746
 3157
 2568
 1981
 1394
  809
  225
65178
64596
64015
63435
62855
62277
61701
61125
60550
59976
59403
58831
58260
57690
57122
56554
55987
55421
54857
54293
53729
53167
52607
52047
51489
50931
50375
49819
49264
48710
48157
48165
47613
48224
48838
49449
50059
50668
51277
51885
52490
53095
53699
54302
54904
55505
56104
56703
57300
57897
58493
59087
59680
60272
60863
61453
62043
62630
63217
63803
64388
64972
   19
  601
 1181
 1761
 2339
 2917
 3494
 4069
 4644
 5218
 5790
 6362
 6932
 7501
 8070
 8638
 9204
 9770
10335
10338
10900
10300
 9699
 9098
 8500
 7902
 7306
 6710
 6115
 5521
 4929
 4338
 3747
 3158
 2569
 1982
 1395
  810
  226
65179
64597
64016
63435
62856
62278
61702
61126
60551
59977
59404
58832
58260
57691
57123
56555
55988
55422
54857
54293
53730
53168
52608
52048
51490
50932
50375
49820
49265
48711
48158
48165
47614
48225
48838
49450
50060
50669
51278
51885
52491
53096
53700
54303
54905
55506
56105
56703
57301
57898
58494
59087
59681
60273
60864
61454
62044
62631
63218
63804
64389
64973
   20
  602
 1182
 1762
 2340
 2918
 3495
 4070
 4645
 5219
 5791
 6363
 6933
 7502
 8071
 8639
 9205
 9771
10336
10339
10901
10301
 9700
 9099
 8501
 7903
 7307
 6711
 6116
 5522
 4930
 4339
 3748
 3159
 2570
 1983
 1396
  811
  227
65180
64598
64017
63436
62857
62279
61703
61127
60552
59978
59405
58833
58261
57692
57123
56556
55989
55423
54858
54294
53731
53169
52609
52049
51491
50933
50376
49821
49266
48712
48159
48166
47615
48226
48839
49451
50061
50670
51279
51886
52492
53097
53701
54304
54906
55506
56106
56704
57302
57899
58494
59088
59681
60274
60865
61455
62045
62632
63219
63805
64390
64974
   21
  603
 1183
 1763
 2341
 2919
 3495
 4071
 4646
 5220
 5792
 6364
 6934
 7503
 8072
 8639
 9206
 9772
10337
10340
10902
10302
 9701
 9100
 8502
 7904
 7307
 6712
 6117
 5523
 4931
 4339
 3749
 3160
 2571
 1984
 1397
  812
  228
65181
64599
64018
63437
62858
62280
61703
61128
60553
59979
59406
58834
58262
57693
57124
56557
55990
55424
54859
54295
53732
53170
52610
52050
51492
50934
50377
49821
49267
48713
48159
48167
47616
48227
48840
49451
50062
50671
51280
51887
52493
53098
53702
54305
54907
55507
56107
56705
57303
57900
58495
59089
59682
60275
60866
61456
62046
62633
63220
63806
64390
64974
   22
  604
 1184
 1763
 2342
 2920
 3496
 4072
 4647
 5221
 5793
 6364
 6935
 7504
 8073
 8640
 9207
 9773
10338
10341
10903
10303
 9702
 9101
 8503
 7905
 7308
 6713
 6118
 5524
 4932
 4340
 3750
 3161
 2572
 1985
 1398
  813
  229
65182
64600
64018
63438
62859
62281
61704
61129
60554
59980
59407
58834
58263
57694
57125
56558
55991
55425
54860
54296
53733
53171
52611
52051
51493
50935
50378
49822
49267
48713
48160
48168
47617
48228
48840
49451
50062
50671
51280
51887
52493
53098
53702
54305
54907
55507
56107
56705
57303
57900
58495
59089
59682
60275
60866
61456
62046
62633
63220
63806
64390
64974
   22
  604
 1184
 1763
 2342
 2920
 3496
 4072
 4647
 5221
 5793
 6364
 6935
 7504
 8073
 8640
 9207
 9773
10338
10341
10903
10303
 9702
 9101
 8503
 7905
 7308
 6713
 6118
 5524
 4932
 4340
 3750
 3161
 2572
 1985
 1398
  813
  229
65182
64600
64018
63438
62859
62281
61704
61129
60554
59980
59407
58834
58263
57694
57125
56558
55991
55425
54860
54296
53733
53171
52611
52051
51493
50935
50378
49822
49267
48713
48160
48168
47617
48228
48840
49451
50062
50671
51280
51887
52493
53098
53702
54305
54907
55507
56107
56705
57303
57900
58495
59089
59682
60275
60866
61456
62046
62633
63220
63806
64390
64974
   22
  604
 1184
 1763
 2342
 2920
 3496
 4072
 4647
 5221
 5793
 6364
 6935
 7504
 8073
 8640
 9207
 9773
10338
10341
10903
10303
 9702
 9101
 8503
 7905
 7308
 6713
 6118
 5524
 4932
 4340
 3750
 3161
 2572
 1985
 1398
  813
  229
65182
64600
64018
63438
62859
62281
61704
61129
60554
59980
59407
58834
58263
57694
57125
56558
55991
55425
54860
54296
53733
53171
52611
52051
51493
50935
50378
49822
49267
48713
48160
48168
47617
48228
48840
49451
50062
50671
51280
51887
52493
53098
53702
54305
54907
55507
56107
56705
57303
57900
58495
59089
59682
60275
60866
61456
62046
62633
63220
63806
64390
64974
   22
  604
 1184
 1763
 2342
 2920
 3496
 4072
 4647
 5221
 5793
 6364
 6935
 7504
 8073
 8640
 9207
 9773
10338
10341
10903
10303
 9702
 9101
 8503
 7905
 7308
 6713
 6118
 5524
 4932
 4340
 3750
 3161
 2572
 1985
 1398
  813
  229
65182
64600
64018
63438
62859
62281
61704
61129
60554
59980
59407
58834
58263
57694
57125
56558
55991
55425
54860
54296
53733
53171
52611
52051
51493
50935
50378
49822
49267
48713
48160
48168
47617
48228
48840
49451
50062
50671
51280
51887
52493
53098
53702
54305
54907
55507
56107
56705
57303
57900
58495
59089
59682
60275
60866
61456
62046
62633
63220
63806
64390
64974
   22
  604
 1184
 1763
 2342
 2920
 3496
 4072
 4647
 5221
 5793
 6364
 6935
 7504
 8073
 8640
 9207
 9773
10338
10341
10903
10303
 9702
 9101
 8503
 7905
 7308
 6713
 6118
 5524
 4932
 4340
 3750
 3161
 2572
 1985
 1398
  813
  229
65182
64600
64018
63438
62859
62281
61704
61129
60554
59980
59407
58834
58263
57694
57125
56558
55991
55425
54860
54296
53733
53171
52611
52051
51493
50935
50378
49822
49267
48713
48160
48168
47617
48228
48840
49451
50062
50671
51280
51887
52493
53098
53702
54305
54907
55507
56107
56705
57303
57900
58495
59089
59682
60275
60866
61456
62046
62633
63220
63806
64390
64974
   22
  604
 1184
 1763
 2342
 2920
 3496
 4072
 4647
 5221
 5793
 6364
 6935
 7504
 8073
 8640
 9207
 9773
10338
10341
10903
10303
 9702
 9101
 8503
 7905
 7308
 6713
 6118
 5524
 4932
 4340
 3750
 3161
 2572
 1985
 1398
  813
  229
65182
64600
64018
63438
62859
62281
61704
61129
60554
59980
59407
58834
58263
57694
57125
56558
55991
55425
54860
54296
53733
53171
52611
52051
51493
50935
50378
49822
49267
48713
48160
48168
47617
48228
48840
49451
50062
50671
51280
51887
52493
53098
53702
54305
54907
55507
56107
56705
57303
57900
58495
59089
59682
60275
60866
61456
62046
62633
63220
63806
64390
64974
   22
  604
 1184
 1763
 2342
 2920
 3496
 4072
 4647
 5221
 5793
 6364
 6935
 7504
 8073
 8640
 9207
 9773
10338
10341
10903
10303
 9702
 9101
 8503
 7905
 7308
 6713
 6118
 5524
 4932
 4340
 3750
 3161
 2572
 1985
 1398
  813
  229
65182
64600
64018
63438
62859
62281
61704
61129
60554
59980
59407
58834
58263
57694
57125
56558
55991
55425
54860
54296
53733
53171
52611
52051
51493
50935
50378
49822
49267
48713
48160
48168
47617
48228
48840
49451
50062
50671
51280
51887
52493
53098
53702
54305
54907
55507
56107
56705
57303
57900
58495
59089
59682
60275
60866
61456
62046
62633
63220
63806
64390
64974
   22
  604
 1184
 1763
 2342
 2920
 3496
 4072
 4647
 5221
 5793
 6364
 6935
 7504
 8073
 8640
 9207
 9773
10338
10341
10903
10303
 9702
 9101
 8503
 7905
 7308
 6713
 6118
 5524
 4932
 4340
 3750
 3161
 2572
 1985
 1398
  813
  229
65182
64600
64018
63438
62859
62281
61704
61129
60554
59980
59407
58834
58263
57694
57125
56558
55991
55425
54860
54296
53733
53171
52611
52051
51493
50935
50378
49822
49267
48713
48160
48168
47617
48228
48840
49451
50062
50671
51280
51887
52493
53098
53702
54305
54907
55507
56107
56705
57303
57900
58495
59089
59682
60275
60866
61456
62046
62633
63220
63806
64390
64974
   22
  604
 1184
 1763
 2342
 2920
 3496
 4072
 4647
 5221
 5793
 6364
 6935
 7504
 8073
 8640
 9207
 9773
10338
10341
10903
10303
 9702
 9101
 8503
 7905
 7308
 6713
 6118
 5524
 4932
 4340
 3750
 3161
 2572
 1985
 1398
  813
  229
65182
64600
64018
63438
62859
62281
61704
61129
60554
59980
59407
58834
58263
57694
57125
56558
55991
55425
54860
54296
53733
53171
52611
52051
51493
50935
50378
49822
49267
48713
48160
48168
47617
48228
48840
49451
50062
50671
51280
51887
52493
53098
53702
54305
54907
55507
56107
56705
57303
57900
58495
59089
59682
60275
60866
61456
62046
62633
63220
63806
64390
64974
   22
  604
 1184
 1763
 2342
 2920
 3496
 4072
 4647
 5221
 5793
 6364
 6935
 7504
 8073
 8640
 9207
 9773
10338
10341
10903
10303
 9702
 9101
 8503
 7905
 7308
 6713
 6118
 5524
 4932
 4340
 3750
 3161
 2572
 1985
 1398
  813
  229
65182
64600
64018
63438
62859
62281
61704
61129
60554
59980
59407
58834
58263
57694
57125
56558
55991
55425
54860
54296
53733
53171
52611
52051
51493
50935
50378
49822
49267
48713
48160
48168
47617
48228
48840
49451
50062
50671
51280
51887
52493
53098
53702
54305
54907
55507
56107
56705
57303
57900
58495
59089
59682
60275
60866
61456
62046
62633
63220
63806
64390
64974
   22
  604
 1184
 1763
 2342
 2920
 3496
 4072
 4647
 5221
 5793
 6364
 6935
 7504
 8073
 8640
 9207
 9773
10338
10341
10903
10303
 9702
 9101
 8503
 7905
 7308
 6713
 6118
 5524
 4932
 4340
 3750
 3161
 2572
 1985
 1398
  813
  229
65182
64600
64018
63438
62859
62281
61704
61129
60554
59980
59407
58834
58263
57694
57125
56558
55991
55425
54860
54296
53733
53171
52611
52051
51493
50935
50378
49822
49267
48713
48160
48168
47617
48228
48840
49451
50062
50671
51280
51887
52493
53098
53702
54305
54907
55507
56107
56705
57303
57900
58495
59089
59682
60275
60866
61456
62046
62633
63220
63806
64390
64974
   22
  604
 1184
 1763
 2342
 2920
 3496
 4072
 4647
 5221
 5793
 6364
 6935
 7504
 8073
 8640
 9207
 9773
10338
10341
10903
10303
 9702
 9101
 8503
 7905
 7308
 6713
 6118
 5524
 4932
 4340
 3750
 3161
 2572
 1985
 1398
  813
  229
65182
64600
64018
63438
62859
62281
61704
61129
60554
59980
59407
58834
58263
57694
57125
56558
55991
55425
54860
54296
53733
53171
52611
52051
51493
50935
50378
49822
49267
48713
48160
48168
47617
48228
48840
49451
50062
50671
51280
51887
52493
53098
53702
54305
54907
55507
56107
56705
57303
57900
58495
59089
59682
60275
60866
61456
62046
62633
63220
63806
64390
64974
   22
  604
 1184
 1763
 2342
 2920
 3496
 4072
 4647
 5221
 5793
 6364
 6935
 7504
 8073
 8640
 9207
 9773
10338
10341
10903
10303
 9702
 9101
 8503
 7905
 7308
 6713
 6118
 5524
 4932
 4340
 3750
 3161
 2572
 1985
 1398
  813
  229
65182
64600
64018
63438
62859
62281
61704
61129
60554
59980
59407
58834
58263
57694
57125
56558
55991
55425
54860
54296
53733
53171
52611
52051
51493
50935
50378
49822
49267
48713
48160
48168
47617
48228
48840
49451
50062
50671
51280
51887
52493
53098
53702
54305
54907
55507
56107
56705
57303
57900
58495
59089
59682
60275
60866
61456
62046
62633
63220
63806
64390
64974
   22
  604
 1184
 1763
 2342
 2920
 3496
 4072
 4647
 5221
 5793
 6364
 6935
 7504
 8073
 8640
 9207
 9773
10338
10341
10903
10303
 9702
 9101
 8503
 7905
 7308
 6713
 6118
 5524
 4932
 4340
 3750
 3161
 2572
 1985
 1398
  813
  229
65182
64600
64018
63438
62859
62281
61704
61129
60554
59980
59407
58834
58263
57694
57125
56558
55991
55425
54860
54296
53733
53171
52611
52051
51493
50935
50378
49822
49267
48713
48160
48168
47617
48228
48840
49451
50062
50671
51280
51887
52493
53098
53702
54305
54907
55507
56107
56705
57303
57900
58495
59089
59682
60275
60866
61456
62046
62633
63220
63806
64390
64974
   22
  604
 1184
 1763
 2342
 2920
 3496
 4072
 4647
 5221
 5793
 6364
 6935
 7504
 8073
 8640
 9207
 9773
10338
10341
10903
10303
 9702
 9101
 8503
 7905
 7308
 6713
 6118
 5524
 4932
 4340
 3750
 3161
 2572
 1985
 1398
  813
  229
65182
64600
64018
63438
62859
62281
61704
61129
60554
59980
59407
58834
58263
57694
57125
56558
55991
55425
54860
54296
53733
53171
52611
52051
51493
50935
50378
49822
49267
48713
48160
48168
47617
48228
48840
49451
50062
50671
51280
51887
52493
53098
53702
54305
54907
55507
56107
56705
57303
57900
58495
59089
59682
60275
60866
61456
62046
62633
63220
63806
64390
64974
   22
  604
 1184
 1763
 2342
 2920
 3496
 4072
 4647
 5221
 5793
 6364
 6935
 7504
 8073
 8640
 9207
 9773
10338
10341
10903
10303
 9702
 9101
 8503
 7905
 7308
 6713
 6118
 5524
 4932
 4340
 3750
 3161
 2572
 1985
 1398
  813
  229
65182
64600
64018
63438
62859
62281
61704
61129
60554
59980
59407
58834
58263
57694
57125
56558
55991
55425
54860
54296
53733
53171
52611
52051
51493
50935
50378
49822
49267
48713
48160
48168
47617
48228
48840
49451
50062
50671
51280
51887
52493
53098
53702
54305
54907
55507
56107
56705
57303
57900
58495
59089
59682
60275
60866
61456
62046
62633
63220
63806
64390
64974
   22
  604
 1184
 1763
 2342
 2920
 3496
 4072
 4647
 5221
 5793
 6364
 6935
 7504
 8073
 8640
 9207
 9773
10338
10341
10903
10303
 9702
 9101
 8503
 7905
 7308
 6713
 6118
 5524
 4932
 4340
 3750
 3161
 2572
 1985
 1398
  813
  229
65182
64600
64018
63438
62859
62281
61704
61129
60554
59980
59407
58834
58263
57694
57125
56558
55991
55425
54860
54296
53733
53171
52611
52051
51493
50935
50378
49822
49267
48713
48160
48168
47617
48228
48840
49451
50062
50671
51280
51887
52493
53098
53702
54305
54907
55507
56107
56705
57303
57900
58495
59089
59682
60275
60866
61456
62046
62633
63220
63806
64390
64974
   22
  604
 1184
 1763
 2342
 2920
 3496
 4072
 4647
 5221
 5793
 6364
 6935
 7504
 8073
 8640
 9207
 9773
10338
10341
10903
10303
 9702
 9101
 8503
 7905
 7308
 6713
 6118
 5524
 4932
 4340
 3750
 3161
 2572
 1985
 1398
  813
  229
65182
64600
64018
63438
62859
62281
61704
61129
60554
59980
59407
58834
58263
57694
57125
56558
55991
55425
54860
54296
53733
53171
52611
52051
51493
50935
50378
49822
49267
48713
48160
48168
47617
48228
48840
49451
50062
50671
51280
51887
52493
53098
53702
54305
54907
55507
56107
56705
57303
57900
58495
59089
59682
60275
60866
61456
62046
62633
63220
63806
64390
64974
   22
  604
 1184
 1763
 2342
 2920
 3496
 4072
 4647
 5221
 5793
 6364
 6935
 7504
 8073
 8640
 9207
 9773
10338
10341
10903
10303
 9702
 9101
 8503
 7905
 7308
 6713
 6118
 5524
 4932
 4340
 3750
 3161
 2572
 1985
 1398
  813
  229
65182
64600
64018
63438
62859
62281
61704
61129
60554
59980
59407
58834
58263
57694
57125
56558
55991
55425
54860
54296
53733
53171
52611
52051
51493
50935
50378
49822
49267
48713
48160
48168
47617
48228
48840
49451
50062
50671
51280
51887
52493
53098
53702
54305
54907
55507
56107
56705
57303
57900
58495
59089
59682
60275
60866
61456
62046
62633
63220
63806
64390
64974
   22
  604
 1184
 1763
 2342
 2920
 3496
 4072
 4647
 5221
 5793
 6364
 6935
 7504
 8073
 8640
 9207
 9773
10338
10341
10903
10303
 9702
 9101
 8503
 7905
 7308
 6713
 6118
 5524
 4932
 4340
 3750
 3161
 2572
 1985
 1398
  813
  229
65182
64600
64018
63438
62859
62281
61704
61129
60554
59980
59407
58834
58263
57694
57125
56558
55991
55425
54860
54296
53733
53171
52611
52051
51493
50935
50378
49822
49267
48713
48160
48168
47617
48228
48840
49451
50062
50671
51280
51887
52493
53098
53702
54305
54907
55507
56107
56705
57303
57900
58495
59089
59682
60275
60866
61456
62046
62633
63220
63806
64390
64974
   22
  604
 1184
 1763
 2342
 2920
 3496
 4072
 4647
 5221
 5793
 6364
 6935
 7504
 8073
 8640
 9207
 9773
10338
10341
10903
10303
 9702
 9101
 8503
 7905
 7308
 6713
 6118
 5524
 4932
 4340
 3750
 3161
 2572
 1985
 1398
  813
  229
65182
64600
64018
63438
62859
62281
61704
61129
60554
59980
59407
58834
58263
57694
57125
56558
55991
55425
54860
54296
53733
53171
52611
52051
51493
50935
50378
49822
49267
48713
48160
48168
47617
48228
48840
49451
50062
50671
51280
51887
52493
53098
53702
54305
54907
55507
56107
56705
57303
57900
58495
59089
59682
60275
60866
61456
62046
62633
63220
63806
64390
64974
   22
  604
 1184
 1763
 2342
 2920
 3496
 4072
 4647
 5221
 5793
 6364
 6935
 7504
 8073
 8640
 9207
 9773
10338
10341
10903
10303
 9702
 9101
 8503
 7905
 7308
 6713
 6118
 5524
 4932
 4340
 3750
 3161
 2572
 1985
 1398
  813
  229
65182
64600
64018
63438
62859
62281
61704
61129
60554
59980
59407
58834
58263
57694
57125
56558
55991
55425
54860
54296
53733
53171
52611
52051
51493
50935
50378
49822
49267
48713
48160
48168
47617
48228
48840
49451
50062
50671
51280
51887
52493
53098
53702
54305
54907
55507
56107
56705
57303
57900
58495
59089
59682
60275
60866
61456
62046
62633
63220
63806
64390
64974
   22
  604
 1184
 1763
 2342
 2920
 3496
 4072
 4647
 5221
 5793
 6364
 6935
 7504
 8073
 8640
 9207
 9773
10338
10341
10903
10303
 9702
 9101
 8503
 7905
 7308
 6713
 6118
 5524
 4932
 4340
 3750
 3161
 2572
 1985
 1398
  813
  229
65182
64600
64018
63438
62859
62281
61704
61129
60554
59980
59407
58834
58263
57694
57125
56558
55991
55425
54860
54296
53733
53171
52611
52051
51493
50935
50378
49822
49267
48713
48160
48168
47617
48228
48840
49451
50062
50671
51280
51887
52493
53098
53702
54305
54907
55507
56107
56705
57303
57900
58495
59089
59682
60275
60866
61456
62046
62633
63220
63806
64390
64974
   22
  604
 1184
 1763
 2342
 2920
 3496
 4072
 4647
 5221
 5793
 6364
 6935
 7504
 8073
 8640
 9207
 9773
10338
10341
10903
10303
 9702
 9101
 8503
 7905
 7308
 6713
 6118
 5524
 4932
 4340
 3750
 3161
 2572
 1985
 1398
  813
  229
65182
64600
64018
63438
62859
62281
61704
61129
60554
59980
59407
58834
58263
57694
57125
56558
55991
55425
54860
54296
53733
53171
52611
52051
51493
50935
50378
49822
49267
48713
48160
48168
47617
48228
48840
49451
50062
50671
51280
51887
52493
53098
53702
54305
54907
55507
56107
56705
57303
57900
58495
59089
59682
60275
60866
61456
62046
62633
63220
63806
64390
64974
   22
  604
 1184
 1763
 2342
 2920
 3496
 4072
 4647
 5221
 5793
 6364
 6935
 7504
 8073
 8640
 9207
 9773
10338
10341
10903
10303
 9702
 9101
 8503
 7905
 7308
 6713
 6118
 5524
 4932
 4340
 3750
 3161
 2572
 1985
 1398
  813
  229
65182
64600
64018
63438
62859
62281
61704
61129
60554
59980
59407
58834
58263
57694
57125
56558
55991
55425
54860
54296
53733
53171
52611
52051
51493
50935
50378
49822
49267
48713
48160
48168
47617
48228
48840
49451
50062
50671
51280
51887
52493
53098
53702
54305
54907
55507
56107
56705
57303
57900
58495
59089
59682
60275
60866
61456
62046
62633
63220
63806
64390
64974
   22
  604
 1184
 1763
 2342
 2920
 3496
 4072
 4647
 5221
 5793
 6364
 6935
 7504
 8073
 8640
 9207
 9773
10338
10341
10903
10303
 9702
 9101
 8503
 7905
 7308
 6713
 6118
 5524
 4932
 4340
 3750
 3161
 2572
 1985
 1398
  813
  229
65182
64600
64018
63438
62859
62281
61704
61129
60554
59980
59407
58834
58263
57694
57125
56558
55991
55425
54860
54296
53733
53171
52611
52051
51493
50935
50378
49822
49267
48713
48160
48168
47617
48228
48840
49451
50062
50671
51280
51887
52493
53098
53702
54305
54907
55507
56107
56705
57303
57900
58495
59089
59682
60275
60866
61456
62046
62633
63220
63806
64390
64974
   22
  604
 1184
 1763
 2342
 2920
 3496
 4072
 4647
 5221
 5793
 6364
 6935
 7504
 8073
 8640
 9207
 9773
10338
10341
10903
10303
 9702
 9101
 8503
 7905
 7308
 6713
 6118
 5524
 4932
 4340
 3750
 3161
 2572
 1985
 1398
  813
  229
65182
64600
64018
63438
62859
62281
61704
61129
60554
59980
59407
58834
58263
57694
57125
56558
55991
55425
54860
54296
53733
53171
52611
52051
51493
50935
50378
49822
49267
48713
48160
48168
47617
48228
48840
49451
50062
50671
51280
51887
52493
53098
53702
54305
54907
55507
56107
56705
57303
57900
58495
59089
59682
60275
60866
61456
62046
62633
63220
63806
64390
64974
   22
  604
 1184
 1763
 2342
 2920
 3496
 4072
 4647
 5221
 5793
 6364
 6935
 7504
 8073
 8640
 9207
 9773
10338
10341
10903
10303
 9702
 9101
 8503
 7905
 7308
 6713
 6118
 5524
 4932
 4340
 3750
 3161
 2572
 1985
 1398
  813
  229
65182
64600
64018
63438
62859
62281
61704
61129
60554
59980
59407
58834
58263
57694
57125
56558
55991
55425
54860
54296
53733
53171
52611
52051
51493
50935
50378
49822
49267
48713
48160
48168
47617
48228
48840
49451
50062
50671
51280
51887
52493
53098
53702
54305
54907
55507
56107
56705
57303
57900
58495
59089
59682
60275
60866
61456
62046
62633
63220
63806
64390
64974
   22
  604
 1184
 1763
 2342
 2920
 3496
 4072
 4647
 5221
 5793
 6364
 6935
 7504
 8073
 8640
 9207
 9773
10338
10341
10903
10303
 9702
 9101
 8503
 7905
 7308
 6713
 6118
 5524
 4932
 4340
 3750
 3161
 2572
 1985
 1398
  813
  229
65182
64600
64018
63438
62859
62281
61704
61129
60554
59980
59407
58834
58263
57694
57125
56558
55991
55425
54860
54296
53733
53171
52611
52051
51493
50935
50378
49822
49267
48713
48160
48168
47617
48228
48840
49451
50062
50671
51280
51887
52493
53098
53702
54305
54907
55507
56107
56705
57303
57900
58495
59089
59682
60275
60866
61456
62046
62633
63220
63806
64390
64974
   22
  604
 1184
 1763
 2342
 2920
 3496
 4072
 4647
 5221
 5793
 6364
 6935
 7504
 8073
 8640
 9207
 9773
10338
10341
10903
10303
 9702
 9101
 8503
 7905
 7308
 6713
 6118
 5524
 4932
 4340
 3750
 3161
 2572
 1985
 1398
  813
  229
65182
64600
64018
63438
62859
62281
61704
61129
60554
59980
59407
58834
58263
57694
57125
56558
55991
55425
54860
54296
53733
53171
52611
52051
51493
50935
50378
49822
49267
48713
48160
48168
47617
48228
48840
49451
50062
50671
51280
51887
52493
53098
53702
54305
54907
55507
56107
56705
57303
57900
58495
59089
59682
60275
60866
61456
62046
62633
63220
63806
64390
64974
   22
  604
 1184
 1763
 2342
 2920
 3496
 4072
 4647
 5221
 5793
 6364
 6935
 7504
 8073
 8640
 9207
 9773
10338
10341
10903
10303
 9702
 9101
 8503
 7905
 7308
 6713
 6118
 5524
 4932
 4340
 3750
 3161
 2572
 1985
 1398
  813
  229
65182
64600
64018
63438
62859
62281
61704
61129
60554
59980
59407
58834
58263
57694
57125
56558
55991
55425
54860
54296
53733
53171
52611
52051
51493
50935
50378
49822
49267
48713
48160
48168
47617
48228
48840
49451
50062
50671
51280
51887
52493
53098
53702
54305
54907
55507
56107
56705
57303
57900
58495
59089
59682
60275
60866
61456
62046
62633
63220
63806
64390
64974
   22
  604
 1184
 1763
 2342
 2920
 3496
 4072
 4647
 5221
 5793
 6364
 6935
 7504
 8073
 8640
 9207
 9773
10338
10341
10903
10303
 9702
 9101
 8503
 7905
 7308
 6713
 6118
 5524
 4932
 4340
 3750
 3161
 2572
 1985
 1398
  813
  229
65182
64600
64018
63438
62859
62281
61704
61129
60554
59980
59407
58834
58263
57694
57125
56558
55991
55425
54860
54296
53733
53171
52611
52051
51493
50935
50378
49822
49267
48713
48160
48168
47617
48228
48840
49451
50062
50671
51280
51887
52493
53098
53702
54305
54907
55507
56107
56705
57303
57900
58495
59089
59682
60275
60866
61456
62046
62633
63220
63806
64390
64974
   22
  604
 1184
 1763
 2342
 2920
 3496
 4072
 4647
 5221
 5793
 6364
 6935
 7504
 8073
 8640
 9207
 9773
10338
10341
10903
10303
 9702
 9101
 8503
 7905
 7308
 6713
 6118
 5524
 4932
 4340
 3750
 3161
 2572
 1985
 1398
  813
  229
65182
64600
64018
63438
62859
62281
61704
61129
60554
59980
59407
58834
58263
57694
57125
56558
55991
55425
54860
54296
53733
53171
52611
52051
51493
50935
50378
49822
49267
48713
