    0
    0
    0
    0
    0
    0
    0
    0
    0
    0
    0
    0
    0
    0
    0
    0
    0
    0
    0
    0
    0
    0
    0
    0
    0
    0
    0
    0
    0
    0
    0
    0
    0
    0
    0
    0
    0
    0
    0
    0
    0
    0
    0
    0
    0
    0
    0
    0
    0
    0
    0
  590
 2849
 7066
12872
19956
28060
36970
46507
56522
 1356
11979
22770
33660
44591
55516
  861
11666
22369
32951
43396
53689
63821
 8248
18037
27649
37079
46326
55392
64276
 7442
15965
24310
32478
40471
48293
55947
63435
 5224
12390
19400
26255
32959
39516
45928
52198
58330
64326
 4652
10384
15989
20879
23977
24998
24315
22240
19034
14914
10060
 4623
64265
58018
51505
44799
37959
31034
24065
17085
10120
 3193
61860
55062
48347
41724
35200
28783
22476
16280
10199
 4234
63921
58189
52573
47072
41686
36413
31250
26198
21256
16420
11688
 7060
 2534
63643
59313
55078
50936
46886
42925
39052
35265
32151
30791
31470
33814
37514
42310
47984
54357
61279
 3088
10753
18652
26714
34881
43104
51343
59564
 2205
10317
18345
26275
34097
41803
49385
56838
64159
 5809
12858
19769
26543
33181
39682
46047
52279
58380
64350
 4655
10370
15961
21430
26779
32012
37130
42135
47030
51816
56497
61075
   15
 4392
 8672
12267
14098
13879
11984
 8724
 4359
64641
58679
52160
45207
37925
30401
22705
14897
 7026
64667
56781
48931
41140
33425
25800
18277
10865
 3571
61935
54889
47971
41183
34527
28003
21611
15350
 9218
 3215
62875
57124
51497
45991
40604
35334
30180
25139
20208
15386
10670
 6058
 1548
62673
58360
54143
50609
48837
49113
51064
54379
58799
64107
 4585
11156
18158
25487
33058
40800
48654
56570
64508
 6899
14789
22620
30374
38037
45598
53048
60380
 2053
 9134
16085
22905
29593
36149
42572
48863
55024
61056
 1425
 7204
12858
18390
23803
29098
34277
39343
44298
49143
53881
58515
63046
 1941
 6275
10513
14066
15856
15598
13665
10368
 5966
  676
60215
53660
46673
39359
31803
24076
16237
 8335
  411
58033
50156
42338
34597
26947
19399
11962
 4642
62981
55911
48970
42160
35483
28939
22526
16244
10093
 4070
63710
57941
52296
46773
41369
36082
30911
25853
20906
16068
11337
 6710
 2185
63296
58969
54738
51191
49406
49669
51608
54911
59318
64614
 5082
11642
18633
25952
33513
41245
49089
56995
64924
 7307
15188
23010
30756
38411
45964
53406
60729
 2392
 9465
16410
23223
29904
36453
42869
49153
55307
61332
 1694
 7467
13116
18643
24050
29339
34512
39572
44521
49361
54095
58724
63250
 2141
 6470
10703
14842
18299
19996
19647
17625
14240
 9752
 4378
63835
57201
50136
42744
35112
27312
19402
11430
 3437
60992
53049
45166
37361
29649
22041
14544
 7166
65449
58324
51330
44468
37739
31144
24682
18352
12153
 6084
  144
59867
54179
48614
43170
37844
32634
27537
22551
17676
12909
 8247
 3688
64766
60407
56144
52565
50750
50984
52893
56168
60548
  279
 6255
12789
19755
27049
34585
42293
50114
57998
  368
 8264
16124
23926
31651
39285
46818
54241
61546
 3192
10248
17174
23969
30633
37165
43566
49836
55975
61985
 2332
 8091
13726
19239
24633
29909
35070
40118
45055
49883
54605
59223
63739
 2619
 6937
11159
14697
16474
16203
14256
10945
 6530
 1228
60755
54189
47192
39867
32300
24562
16712
 8800
  866
58478
50591
42763
35012
27353
19796
12350
 5022
63353
56275
49327
42510
35824
29271
22851
16562
10403
 4373
64007
58231
52578
47047
41636
36343
31166
26102
21150
16308
11572
 6940
 2410
63516
59184
54948
51396
49606
49865
51800
55099
59503
64795
 5257
11812
18800
26117
33675
41403
49243
57146
65072
 7452
15331
23150
30892
38543
46092
53531
60852
 2513
 9583
16524
23334
30012
36558
42972
49254
55406
61429
 1788
 7558
13205
18730
24135
29423
34596
39655
44602
49440
54171
58798
63324
 2214
 6542
10774
14911
18366
20062
19711
17686
14300
 9811
 4435
63890
57254
50187
42794
35162
27361
19450
11478
 3484
61037
53093
45210
37404
29691
22082
14584
 7206
65489
58364
51369
44505
37774
31178
24715
18384
12185
 6116
  176
59898
54209
48643
43197
37870
32659
27562
22577
17702
12934
 8270
 3710
64787
60427
56164
52585
50770
51004
52913
56187
60566
  297
 6272
12805
19771
27066
34603
42311
50131
58014
  384
 8280
16140
23941
31665
39299
46832
54254
61558
 3203
10258
17185
23981
30645
37177
43578
49848
55987
61997
 2344
 8101
13735
19249
24643
29919
35080
40128
45065
49893
54615
59233
63748
 2627
 6945
11168
14707
16483
16211
14264
10953
 6538
 1235
60761
54194
47195
39869
32302
24565
16716
 8804
  869
58481
50595
42768
35018
27358
19800
12354
 5026
63356
56277
49328
42510
35824
29271
22851
16563
10406
 4377
64011
58235
52583
47053
41642
36349
31172
26108
21155
16311
11574
 6942
 2412
63518
59186
54950
51398
49608
49867
51802
55101
59505
64797
 5259
11814
18801
26117
33676
41404
49244
57147
65072
 7452
15331
23150
30892
38543
46092
53531
60852
 2513
 9583
16524
23334
30013
36560
42974
49257
55410
61433
 1793
 7564
13210
18734
24139
29427
34599
39657
44604
49442
54173
58800
63326
 2216
 6544
10776
14913
18368
20063
19711
17686
14300
 9811
 4435
63890
57254
50187
42794
35162
27361
19450
11478
 3484
61037
53093
45210
37404
29691
22082
14584
 7206
65489
58364
51369
44505
37774
31178
24715
18384
12185
 6116
  176
59898
54209
48643
43197
37870
32659
27562
22577
17702
12934
 8270
 3710
64787
60427
56164
52585
50770
51004
52913
56187
60566
  297
 6272
12805
19771
27066
34603
42311
50131
58014
  384
 8280
16139
23939
31663
39297
46830
54253
61558
 3203
10258
17185
23981
30645
37177
43578
49848
55987
61997
 2344
 8101
13735
19249
24643
29919
35080
40128
45065
49893
54615
59233
63748
 2627
 6945
11168
14707
16483
16211
14264
10953
 6538
 1235
60761
54194
47195
39869
32302
24565
16716
 8804
  869
58481
50595
42768
35018
27358
19800
12354
 5026
63356
56277
49328
42510
35824
29271
22851
16563
10406
 4377
64011
58235
52583
47053
41642
36349
31172
26108
21155
16311
11574
 6942
 2412
63518
59186
54950
51398
49609
49869
51804
55103
59506
64797
 5259
11814
18801
26117
33676
41404
49243
57146
65072
 7452
15331
23150
30892
38543
46092
53531
60852
 2513
 9583
16524
23334
30013
36560
42974
49257
55410
61433
 1793
 7564
13210
18734
24139
29427
34599
39657
44604
49442
54173
58800
63326
 2216
 6544
10776
14913
18368
20063
19711
17686
14300
 9811
 4435
63890
57254
50187
42794
35162
27361
19450
11478
 3484
61037
53093
45210
37404
29691
22082
14584
 7206
65488
58362
51367
44504
37774
31178
24715
18384
12185
 6116
  176
59898
54209
48643
43197
37870
32659
27562
22577
17702
12934
 8270
 3710
64787
60427
56164
52585
50770
51004
52913
56187
60566
  297
 6272
12805
19771
27066
34603
42311
50131
58014
  384
 8280
16139
23939
31663
39297
46830
54253
61558
 3203
10258
17185
23981
30645
37177
43578
49848
55987
61997
 2344
 8101
13735
19249
24643
29919
35080
40128
45065
49893
54615
59233
63748
 2627
 6945
11168
14707
16483
16211
14264
10953
 6538
 1235
60761
54194
47195
39869
32302
24565
16716
 8804
  869
58481
50595
42768
35018
27358
19800
12354
 5026
63356
56277
49328
42510
35824
29271
22851
16563
10406
 4377
64011
58235
52583
47053
41642
36349
31172
26108
21155
16311
11574
 6942
 2412
63518
59186
54950
51398
49609
49869
51804
55103
59506
64797
 5259
11814
18801
26117
33676
41404
49244
57147
65072
 7452
15331
23150
30892
38543
46092
53531
60852
 2513
 9583
16524
23334
30013
36560
42974
49257
55410
61433
 1793
 7564
13210
18734
24139
29427
34599
39657
44604
49442
54173
58800
63326
 2216
 6544
10776
14913
18368
20063
19711
17686
14300
 9811
 4435
63890
57254
50187
42794
35162
27361
19450
11478
 3484
61037
53093
45210
37404
29691
22082
14584
 7206
65488
58362
51367
44504
37774
31178
24715
18384
12185
 6116
  176
59898
54209
48643
43197
37870
32659
27562
22577
17702
12934
 8270
 3710
64787
60427
56164
52585
50770
51004
52913
56187
60566
  297
 6272
12805
19771
27066
34603
42311
50131
58014
  384
 8280
16139
23939
31663
39297
46830
54253
61558
 3203
10258
17185
23981
30645
37177
43578
49848
55987
61997
 2344
 8101
13735
19249
24643
29919
35080
40128
45065
49893
54615
59233
63748
 2627
 6945
11168
14707
16483
16211
14264
10953
 6538
 1235
60761
54194
47195
39869
32302
24565
16716
 8804
  869
58481
50595
42768
35018
27358
19800
12354
 5026
63356
56277
49328
42510
35824
29271
22851
16563
10406
 4377
64011
58235
52583
47053
41642
36349
31172
26108
21155
16311
11574
 6942
 2412
63518
59186
54950
51398
49609
49869
51804
55103
59506
64797
 5259
11814
18801
26117
33676
41404
49244
57147
65072
 7452
15331
23150
30892
38543
46092
53531
60852
 2513
 9583
16524
23334
30013
36560
42974
49257
55410
61433
 1793
 7564
13210
18734
24139
29427
34599
39657
44604
49442
54173
58800
63326
 2216
 6544
10776
14913
18368
20063
19711
17686
14300
 9811
 4435
63890
57254
50187
42794
35162
27361
19450
11478
 3484
61037
53093
45210
37404
29691
22082
14584
 7206
65488
58362
51367
44504
37774
31178
24715
18384
12185
 6116
  176
59898
54209
48643
43197
37870
32659
27562
22577
17702
12934
 8270
 3710
64787
60427
56164
52585
50770
51004
52913
56187
60566
  297
 6272
12805
19771
27066
34603
42311
50131
58014
  384
 8280
16139
23939
31663
39297
46830
54253
61558
 3203
10258
17185
23981
30645
37177
43578
49848
55987
61997
 2344
 8101
13735
19249
24643
29919
35080
40128
45065
49893
54615
59233
63748
 2627
 6945
11168
14707
16483
16211
14264
10953
 6538
 1235
60761
54194
47195
39869
32302
24565
16716
 8804
  869
58481
50595
42768
35018
27358
19800
12354
 5026
63356
56277
49328
42510
35824
29271
22851
16563
10406
 4377
64011
58235
52583
47053
41642
36349
31172
26108
21155
16311
11574
 6942
 2412
63518
59186
54950
51398
49609
49869
51804
55103
59506
64797
 5259
11814
18801
26117
33676
41404
49244
57147
65072
 7452
15331
23150
30892
38543
46092
53531
60852
 2513
 9583
16524
23334
30013
36560
42974
49257
55410
61433
 1793
 7564
13210
18734
24139
29427
34599
39657
44604
49442
54173
58800
63326
 2216
 6544
10776
14913
18368
20063
19711
17686
14300
 9811
 4435
63890
57254
50187
42794
35162
27361
19450
11478
 3484
61037
53093
45210
37404
29691
22082
14584
 7206
65488
58362
51367
44504
37774
31178
24715
18384
12185
 6116
  176
59898
54209
48643
43197
37870
32659
27562
22577
17702
12934
 8270
 3710
64787
60427
56164
52585
50770
51004
52913
56187
60566
  297
 6272
12805
19771
27066
34603
42311
50131
58014
  384
 8280
16139
23939
31663
39297
46830
54253
61558
 3203
10258
17185
23981
30645
37177
43578
49848
55987
61997
 2344
 8101
13735
19249
24643
29919
35080
40128
45065
49893
54615
59233
63748
 2627
 6945
11168
14707
16483
16211
14264
10953
 6538
 1235
60761
54194
47195
39869
32302
24565
16716
 8804
  869
58481
50595
42768
35018
27358
19800
12354
 5026
63356
56277
49328
42510
35824
29271
22851
16563
10406
 4377
64011
58235
52583
47053
41642
36349
31172
26108
21155
16311
11574
 6942
 2412
63518
59186
54950
51398
49609
49869
51804
55103
59506
64797
 5259
11814
18801
26117
33676
41404
49244
57147
65072
 7452
15331
23150
30892
38543
46092
53531
60852
 2513
 9583
16524
23334
30013
36560
42974
49257
55410
61433
 1793
 7564
13210
18734
24139
29427
34599
39657
44604
49442
54173
58800
63326
 2216
 6544
10776
14913
18368
20063
19711
17686
14300
 9811
 4435
63890
57254
50187
42794
35162
27361
19450
11478
 3484
61037
53093
45210
37404
29691
22082
14584
 7206
65488
58362
51367
44504
37774
31178
24715
18384
12185
 6116
  176
59898
54209
48643
43197
37870
32659
27562
22577
17702
12934
 8270
 3710
64787
60427
56164
52585
50770
51004
52913
56187
60566
  297
 6272
12805
19771
27066
34603
42311
50131
58014
  384
 8280
16139
23939
31663
39297
46830
54253
61558
 3203
10258
17185
23981
30645
37177
43578
49848
55987
61997
 2344
 8101
13735
19249
24643
29919
35080
40128
45065
49893
54615
59233
63748
 2627
 6945
11168
14707
16483
16211
14264
10953
 6538
 1235
60761
54194
47195
39869
32302
24565
16716
 8804
  869
58481
50595
42768
35018
27358
19800
12354
 5026
63356
56277
49328
42510
35824
29271
22851
16563
10406
 4377
64011
58235
52583
47053
41642
36349
31172
26108
21155
16311
11574
 6942
 2412
63518
59186
54950
51398
49609
49869
51804
55103
59506
64797
 5259
11814
18801
26117
33676
41404
49244
57147
65072
 7452
15331
23150
30892
38543
46092
53531
60852
 2513
 9583
16524
23334
30013
36560
42974
49257
55410
61433
 1793
 7564
13210
18734
24139
29427
34599
39657
44604
49442
54173
58800
63326
 2216
 6544
10776
14913
18368
20063
19711
17686
14300
 9811
 4435
63890
57254
50187
42794
35162
27361
19450
11478
 3484
61037
53093
45210
37404
29691
22082
14584
 7206
65488
58362
51367
44504
37774
31178
24715
18384
12185
 6116
  176
59898
54209
48643
43197
37870
32659
27562
22577
17702
12934
 8270
 3710
64787
60427
56164
52585
50770
51004
52913
56187
60566
  297
 6272
12805
19771
27066
34603
42311
50131
58014
  384
 8280
16139
23939
31663
39297
46830
54253
61558
 3203
10258
17185
23981
30645
37177
43578
49848
55987
61997
 2344
 8101
13735
19249
24643
29919
35080
40128
45065
49893
54615
59233
63748
 2627
 6945
11168
14707
16483
16211
14264
10953
 6538
 1235
60761
54194
47195
39869
32302
24565
16716
 8804
  869
58481
50595
42768
35018
27358
19800
12354
 5026
63356
56277
49328
42510
35824
29271
22851
16563
10406
 4377
64011
58235
52583
47053
41642
36349
31172
26108
21155
16311
11574
 6942
 2412
63518
59186
54950
51398
49609
49869
51804
55103
59506
64797
 5259
11814
18801
26117
33676
41404
49244
57147
65072
 7452
15331
23150
30892
38543
46092
53531
60852
 2513
 9583
16524
23334
30013
36560
42974
49257
55410
61433
 1793
 7564
13210
18734
24139
29427
34599
39657
44604
49442
54173
58800
63326
 2216
 6544
10776
14913
18368
20063
19711
17686
14300
 9811
 4435
63890
57254
50187
42794
35162
27361
19450
11478
 3484
61037
53093
45210
37404
29691
22082
14584
 7206
65488
58362
51367
44504
37774
31178
24715
18384
12185
 6116
  176
59898
54209
48643
43197
37870
32659
27562
22577
17702
12934
 8270
 3710
64787
60427
56164
52585
50770
51004
52913
56187
60566
  297
 6272
12805
19771
27066
34603
42311
50131
58014
  384
 8280
16139
23939
31663
39297
46830
54253
61558
 3203
10258
17185
23981
30645
37177
43578
49848
55987
61997
 2344
 8101
13735
19249
24643
29919
35080
40128
45065
49893
54615
59233
63748
 2627
 6945
11168
14707
16483
16211
14264
10953
 6538
 1235
60761
54194
47195
39869
32302
24565
16716
 8804
  869
58481
50595
42768
35018
27358
19800
12354
 5026
63356
56277
49328
42510
35824
29271
22851
16563
10406
 4377
64011
58235
52583
47053
41642
36349
31172
26108
21155
16311
11574
 6942
 2412
63518
59186
54950
51398
49609
49869
51804
55103
59506
64797
 5259
11814
18801
26117
33676
41404
49244
57147
65072
 7452
15331
23150
30892
38543
46092
53531
60852
 2513
 9583
16524
23334
30013
36560
42974
49257
55410
61433
 1793
 7564
13210
18734
24139
29427
34599
39657
44604
49442
54173
58800
63326
 2216
 6544
10776
14913
18368
20063
19711
17686
14300
 9811
 4435
63890
57254
50187
42794
35162
27361
19450
11478
 3484
61037
53093
45210
37404
29691
22082
14584
 7206
65488
58362
51367
44504
37774
31178
24715
18384
12185
 6116
  176
59898
54209
48643
43197
37870
32659
27562
22577
17702
12934
 8270
 3710
64787
60427
56164
52585
50770
51004
52913
56187
60566
  297
 6272
12805
19771
27066
34603
42311
50131
58014
  384
 8280
16139
23939
31663
39297
46830
54253
61558
 3203
10258
17185
23981
30645
37177
43578
49848
55987
61997
 2344
 8101
13735
19249
24643
29919
35080
40128
45065
49893
54615
59233
63748
 2627
 6945
11168
14707
16483
16211
14264
10953
 6538
 1235
60761
54194
47195
39869
32302
24565
16716
 8804
  869
58481
50595
42768
35018
27358
19800
12354
 5026
63356
56277
49328
42510
35824
29271
22851
16563
10406
 4377
64011
58235
52583
47053
41642
36349
31172
26108
21155
16311
11574
 6942
 2412
63518
59186
54950
51398
49609
49869
51804
55103
59506
64797
 5259
11814
18801
26117
33676
41404
49244
57147
65072
 7452
15331
23150
30892
38543
46092
53531
60852
 2513
 9583
16524
23334
30013
36560
42974
49257
55410
61433
 1793
 7564
13210
18734
24139
29427
34599
39657
44604
49442
54173
58800
63326
 2216
 6544
10776
14913
18368
20063
19711
17686
14300
 9811
 4435
63890
57254
50187
42794
35162
27361
19450
11478
 3484
61037
53093
45210
37404
29691
22082
14584
 7206
65488
58362
51367
44504
37774
31178
24715
18384
12185
 6116
  176
59898
54209
48643
43197
37870
32659
27562
22577
17702
12934
 8270
 3710
64787
60427
56164
52585
50770
51004
52913
56187
60566
  297
 6272
12805
19771
27066
34603
42311
50131
58014
  384
 8280
16139
23939
31663
39297
46830
54253
61558
 3203
10258
17185
23981
30645
37177
43578
49848
55987
61997
 2344
 8101
13735
19249
24643
29919
35080
40128
45065
49893
54615
59233
63748
 2627
 6945
11168
14707
16483
16211
14264
10953
 6538
 1235
60761
54194
47195
39869
32302
24565
16716
 8804
  869
58481
50595
42768
35018
27358
19800
12354
 5026
63356
56277
49328
42510
35824
29271
22851
16563
10406
 4377
64011
58235
52583
47053
41642
36349
31172
26108
21155
16311
11574
 6942
 2412
63518
59186
54950
51398
49609
49869
51804
55103
59506
64797
 5259
11814
18801
26117
33676
41404
49244
57147
65072
 7452
15331
23150
30892
38543
46092
53531
60852
 2513
 9583
16524
23334
30013
36560
42974
49257
55410
61433
 1793
 7564
13210
18734
24139
29427
34599
39657
44604
49442
54173
58800
63326
 2216
 6544
10776
14913
18368
20063
19711
17686
14300
 9811
 4435
63890
57254
50187
42794
35162
27361
19450
11478
 3484
61037
53093
45210
37404
29691
22082
14584
 7206
65488
58362
51367
44504
37774
31178
24715
18384
12185
 6116
  176
59898
54209
48643
43197
37870
32659
27562
22577
17702
12934
 8270
 3710
64787
60427
56164
52585
50770
51004
52913
56187
60566
  297
 6272
12805
19771
27066
34603
42311
50131
58014
  384
 8280
16139
23939
31663
39297
46830
54253
61558
 3203
10258
17185
23981
30645
37177
43578
49848
55987
61997
 2344
 8101
13735
19249
24643
29919
35080
40128
45065
49893
54615
59233
63748
 2627
 6945
11168
14707
16483
16211
14264
10953
 6538
 1235
60761
54194
47195
39869
32302
24565
16716
 8804
  869
58481
50595
42768
35018
27358
19800
12354
 5026
63356
56277
49328
42510
35824
29271
22851
16563
10406
 4377
64011
58235
52583
47053
41642
36349
31172
26108
21155
16311
11574
 6942
 2412
63518
59186
54950
51398
49609
49869
51804
55103
59506
64797
 5259
11814
18801
26117
33676
41404
49244
57147
65072
 7452
15331
23150
30892
38543
46092
53531
60852
 2513
 9583
16524
23334
30013
36560
42974
49257
55410
61433
 1793
 7564
13210
18734
24139
29427
34599
39657
44604
49442
54173
58800
63326
 2216
 6544
10776
14913
18368
20063
19711
17686
14300
 9811
 4435
63890
57254
50187
42794
35162
27361
19450
11478
 3484
61037
53093
45210
37404
29691
22082
14584
 7206
65488
58362
51367
44504
37774
31178
24715
18384
12185
 6116
  176
59898
54209
48643
43197
37870
32659
27562
22577
17702
12934
 8270
 3710
64787
60427
56164
52585
50770
51004
52913
56187
60566
  297
 6272
12805
19771
27066
34603
42311
50131
58014
  384
 8280
16139
23939
31663
39297
46830
54253
61558
 3203
10258
17185
23981
30645
37177
43578
49848
55987
61997
 2344
 8101
13735
19249
24643
29919
35080
40128
45065
49893
54615
59233
63748
 2627
 6945
11168
14707
16483
16211
14264
10953
 6538
 1235
60761
54194
47195
39869
32302
24565
16716
 8804
  869
58481
50595
42768
35018
27358
19800
12354
 5026
63356
56277
49328
42510
35824
29271
22851
16563
10406
 4377
64011
58235
52583
47053
41642
36349
31172
26108
21155
16311
11574
 6942
 2412
63518
59186
54950
51398
49609
49869
51804
55103
59506
64797
 5259
11814
18801
26117
33676
41404
49244
57147
65072
 7452
15331
23150
30892
38543
46092
53531
60852
 2513
 9583
16524
23334
30013
36560
42974
49257
55410
61433
 1793
 7564
13210
18734
24139
29427
34599
39657
44604
49442
54173
58800
63326
 2216
 6544
10776
14913
18368
20063
19711
17686
14300
 9811
 4435
63890
57254
50187
42794
35162
27361
19450
11478
 3484
61037
53093
45210
37404
29691
22082
14584
 7206
65488
58362
51367
44504
37774
31178
24715
18384
12185
 6116
  176
59898
54209
48643
43197
37870
32659
27562
22577
17702
12934
 8270
 3710
64787
60427
56164
52585
50770
51004
52913
56187
60566
  297
 6272
12805
19771
27066
34603
42311
50131
58014
  384
 8280
16139
23939
31663
39297
46830
54253
61558
 3203
10258
17185
23981
30645
37177
43578
49848
55987
61997
 2344
 8101
13735
19249
24643
29919
35080
40128
45065
49893
54615
59233
63748
 2627
 6945
11168
14707
16483
16211
14264
10953
 6538
 1235
60761
54194
47195
39869
32302
24565
16716
 8804
  869
58481
50595
42768
35018
27358
19800
12354
 5026
63356
56277
49328
42510
35824
29271
22851
16563
10406
 4377
64011
58235
52583
47053
41642
36349
31172
26108
21155
16311
11574
 6942
 2412
63518
59186
54950
51398
49609
49869
51804
55103
59506
64797
 5259
11814
18801
26117
33676
41404
49244
57147
65072
 7452
15331
23150
30892
38543
46092
53531
60852
 2513
 9583
16524
23334
30013
36560
42974
49257
55410
61433
 1793
 7564
13210
18734
24139
29427
34599
39657
44604
49442
54173
58800
63326
 2216
 6544
10776
14913
18368
20063
19711
17686
14300
 9811
 4435
63890
57254
50187
42794
35162
27361
19450
11478
 3484
61037
53093
45210
37404
29691
22082
14584
 7206
65488
58362
51367
44504
37774
31178
24715
18384
12185
 6116
  176
59898
54209
48643
43197
37870
32659
27562
22577
17702
12934
 8270
 3710
64787
60427
56164
52585
50770
51004
52913
56187
60566
  297
 6272
12805
19771
27066
34603
42311
50131
58014
  384
 8280
16139
23939
31663
39297
46830
54253
61558
 3203
10258
17185
23981
30645
37177
43578
49848
55987
61997
 2344
 8101
13735
19249
24643
29919
35080
40128
45065
49893
54615
59233
63748
 2627
 6945
11168
14707
16483
16211
14264
10953
 6538
 1235
60761
54194
47195
39869
32302
24565
16716
 8804
  869
58481
50595
42768
35018
27358
19800
12354
 5026
63356
56277
49328
42510
35824
29271
22851
16563
10406
 4377
64011
58235
52583
47053
41642
36349
31172
26108
21155
16311
11574
 6942
 2412
63518
59186
54950
51398
49609
49869
51804
55103
59506
64797
 5259
11814
18801
26117
33676
41404
49244
57147
65072
 7452
15331
23150
30892
38543
46092
53531
60852
 2513
 9583
16524
23334
30013
36560
42974
49257
55410
61433
 1793
 7564
13210
18734
24139
29427
34599
39657
44604
49442
54173
58800
63326
 2216
 6544
10776
14913
18368
20063
19711
17686
14300
 9811
 4435
63890
57254
50187
42794
35162
27361
19450
11478
 3484
61037
53093
45210
37404
29691
22082
14584
 7206
65488
58362
51367
44504
37774
31178
24715
18384
12185
 6116
  176
59898
54209
48643
43197
37870
32659
27562
22577
17702
12934
 8270
 3710
64787
60427
56164
52585
50770
51004
52913
56187
60566
  297
 6272
12805
19771
27066
34603
42311
50131
58014
  384
 8280
16139
23939
31663
39297
46830
54253
61558
 3203
10258
17185
23981
30645
37177
43578
49848
55987
61997
 2344
 8101
13735
19249
24643
29919
35080
40128
45065
49893
54615
59233
63748
 2627
 6945
11168
14707
16483
16211
14264
10953
 6538
 1235
60761
54194
47195
39869
32302
24565
16716
 8804
  869
58481
50595
42768
35018
27358
19800
12354
 5026
63356
56277
49328
42510
35824
29271
22851
16563
10406
 4377
64011
58235
52583
47053
41642
36349
31172
26108
21155
16311
11574
 6942
 2412
63518
59186
54950
51398
49609
49869
51804
55103
59506
64797
 5259
11814
18801
26117
33676
41404
49244
57147
65072
 7452
15331
23150
30892
38543
46092
53531
60852
 2513
 9583
16524
23334
30013
36560
42974
49257
55410
61433
 1793
 7564
13210
18734
24139
29427
34599
39657
44604
49442
54173
58800
63326
 2216
 6544
10776
14913
18368
20063
19711
17686
14300
 9811
 4435
63890
57254
50187
42794
35162
27361
19450
11478
 3484
61037
53093
45210
37404
29691
22082
14584
 7206
65488
58362
51367
44504
37774
31178
24715
18384
12185
 6116
  176
59898
54209
48643
43197
37870
32659
27562
22577
17702
12934
 8270
 3710
64787
60427
56164
52585
50770
51004
52913
56187
60566
  297
 6272
12805
19771
27066
34603
42311
50131
58014
  384
 8280
16139
23939
31663
39297
46830
54253
61558
 3203
10258
17185
23981
30645
37177
43578
49848
55987
61997
 2344
 8101
13735
19249
24643
29919
35080
40128
45065
49893
54615
59233
63748
 2627
 6945
11168
14707
16483
16211
14264
10953
 6538
 1235
60761
54194
47195
39869
32302
24565
16716
 8804
  869
58481
50595
42768
35018
27358
19800
12354
 5026
63356
56277
49328
42510
35824
29271
22851
16563
10406
 4377
64011
58235
52583
47053
41642
36349
31172
26108
21155
16311
11574
 6942
 2412
63518
59186
54950
51398
49609
49869
51804
55103
59506
64797
 5259
11814
18801
26117
33676
41404
49244
57147
65072
 7452
15331
23150
30892
38543
46092
53531
60852
 2513
 9583
16524
23334
30013
36560
42974
49257
55410
61433
 1793
 7564
13210
18734
24139
29427
34599
39657
44604
49442
54173
58800
63326
 2216
 6544
10776
14913
18368
20063
19711
17686
14300
 9811
 4435
63890
57254
50187
42794
35162
27361
19450
11478
 3484
61037
53093
45210
37404
29691
22082
14584
 7206
65488
58362
51367
44504
37774
31178
24715
18384
12185
 6116
  176
59898
54209
48643
43197
37870
32659
27562
22577
17702
12934
 8270
 3710
64787
60427
56164
52585
50770
51004
52913
56187
60566
  297
 6272
12805
19771
27066
34603
42311
50131
58014
  384
 8280
16139
23939
31663
39297
46830
54253
61558
 3203
10258
17185
23981
30645
37177
43578
49848
55987
61997
 2344
 8101
13735
19249
24643
29919
35080
40128
45065
49893
54615
59233
63748
 2627
 6945
11168
14707
16483
16211
14264
10953
 6538
 1235
60761
54194
47195
39869
32302
24565
16716
 8804
  869
58481
50595
42768
35018
27358
19800
12354
 5026
63356
56277
49328
42510
35824
29271
22851
16563
10406
 4377
64011
58235
52583
47053
41642
36349
31172
26108
21155
16311
11574
 6942
 2412
63518
59186
54950
51398
49609
49869
51804
55103
59506
64797
 5259
11814
18801
26117
33676
41404
49244
57147
65072
 7452
15331
23150
30892
38543
46092
53531
60852
 2513
 9583
16524
23334
30013
36560
42974
49257
55410
61433
 1793
 7564
13210
18734
24139
29427
34599
39657
44604
49442
54173
58800
63326
 2216
 6544
10776
14913
18368
20063
19711
17686
14300
 9811
 4435
63890
57254
50187
42794
35162
27361
19450
11478
 3484
61037
53093
45210
37404
29691
22082
14584
 7206
65488
58362
51367
44504
37774
31178
24715
18384
12185
 6116
  176
59898
54209
48643
43197
37870
32659
27562
22577
17702
12934
 8270
 3710
64787
60427
56164
52585
50770
51004
52913
56187
60566
  297
 6272
12805
19771
27066
34603
42311
50131
58014
  384
 8280
16139
23939
31663
39297
46830
54253
61558
 3203
10258
17185
23981
30645
37177
43578
49848
55987
61997
 2344
 8101
13735
19249
24643
29919
35080
40128
45065
49893
54615
59233
63748
 2627
 6945
11168
14707
16483
16211
14264
10953
 6538
 1235
60761
54194
47195
39869
32302
24565
16716
 8804
  869
58481
50595
42768
35018
27358
19800
12354
 5026
63356
56277
49328
42510
35824
29271
22851
16563
10406
 4377
64011
58235
52583
47053
41642
36349
31172
26108
21155
16311
11574
 6942
 2412
63518
59186
54950
51398
49609
49869
51804
55103
59506
64797
 5259
11814
18801
26117
33676
41404
49244
57147
65072
 7452
15331
23150
30892
38543
46092
53531
60852
 2513
 9583
16524
23334
30013
36560
42974
49257
55410
61433
 1793
 7564
13210
18734
24139
29427
34599
39657
44604
49442
54173
58800
63326
 2216
 6544
10776
14913
18368
20063
19711
17686
14300
 9811
 4435
63890
57254
50187
42794
35162
27361
19450
11478
 3484
61037
53093
45210
37404
29691
22082
14584
 7206
65488
58362
51367
44504
37774
31178
24715
18384
12185
 6116
  176
59898
54209
48643
43197
37870
32659
27562
22577
17702
12934
 8270
 3710
64787
60427
56164
52585
50770
51004
52913
56187
60566
  297
 6272
12805
19771
27066
34603
42311
50131
58014
  384
 8280
16139
23939
31663
39297
46830
54253
61558
 3203
10258
17185
23981
30645
37177
43578
49848
55987
61997
 2344
 8101
13735
19249
24643
29919
35080
40128
45065
49893
54615
59233
63748
 2627
 6945
11168
14707
16483
16211
14264
10953
 6538
 1235
60761
54194
47195
39869
32302
24565
16716
 8804
  869
58481
50595
42768
35018
27358
19800
12354
 5026
63356
56277
49328
42510
35824
29271
22851
16563
10406
 4377
64011
58235
52583
47053
41642
36349
31172
26108
21155
16311
11574
 6942
 2412
63518
59186
54950
51398
49609
49869
51804
55103
59506
64797
 5259
11814
18801
26117
33676
41404
49244
57147
65072
 7452
15331
23150
30892
38543
46092
53531
60852
 2513
 9583
16524
23334
30013
36560
42974
49257
55410
61433
 1793
 7564
13210
18734
24139
29427
34599
39657
44604
49442
54173
58800
63326
 2216
 6544
10776
14913
18368
20063
19711
17686
14300
 9811
 4435
63890
57254
50187
42794
35162
27361
19450
11478
 3484
61037
53093
45210
37404
29691
22082
14584
 7206
65488
58362
51367
44504
37774
31178
24715
18384
12185
 6116
  176
59898
54209
48643
43197
37870
32659
27562
22577
17702
12934
 8270
 3710
64787
60427
56164
52585
50770
51004
52913
56187
60566
  297
 6272
12805
19771
27066
34603
42311
50131
58014
  384
 8280
16139
23939
31663
39297
46830
54253
61558
 3203
10258
17185
23981
30645
37177
43578
49848
55987
61997
 2344
 8101
13735
19249
24643
29919
35080
40128
45065
49893
54615
59233
63748
 2627
 6945
11168
14707
16483
16211
14264
10953
 6538
 1235
60761
54194
47195
39869
32302
24565
16716
 8804
  869
58481
50595
42768
35018
27358
19800
12354
 5026
63356
56277
49328
42510
35824
29271
22851
16563
10406
 4377
64011
58235
52583
47053
41642
36349
31172
26108
21155
16311
11574
 6942
 2412
63518
59186
54950
51398
49609
49869
51804
55103
59506
64797
 5259
11814
18801
26117
33676
41404
49244
57147
65072
 7452
15331
23150
30892
38543
46092
53531
60852
 2513
 9583
16524
23334
30013
36560
42974
49257
55410
61433
 1793
 7564
13210
18734
24139
29427
34599
39657
44604
49442
54173
58800
63326
 2216
 6544
10776
14913
18368
20063
19711
17686
14300
 9811
 4435
63890
57254
50187
42794
35162
27361
19450
11478
 3484
61037
53093
45210
37404
29691
22082
14584
 7206
65488
58362
51367
44504
37774
31178
24715
18384
12185
 6116
  176
59898
54209
48643
43197
37870
32659
27562
22577
17702
12934
 8270
 3710
64787
60427
56164
52585
50770
51004
52913
56187
60566
  297
 6272
12805
19771
27066
34603
42311
50131
58014
  384
 8280
16139
23939
31663
39297
46830
54253
61558
 3203
10258
17185
23981
30645
37177
43578
49848
55987
61997
 2344
 8101
13735
19249
24643
29919
35080
40128
45065
49893
54615
59233
63748
 2627
 6945
11168
14707
16483
16211
14264
10953
 6538
 1235
60761
54194
47195
39869
32302
24565
16716
 8804
  869
58481
50595
42768
35018
27358
19800
12354
 5026
63356
56277
49328
42510
35824
29271
22851
16563
10406
 4377
64011
58235
52583
47053
41642
36349
31172
26108
21155
16311
11574
 6942
 2412
63518
59186
54950
51398
49609
49869
51804
55103
59506
64797
 5259
11814
18801
26117
33676
41404
49244
57147
65072
 7452
15331
23150
30892
38543
46092
53531
60852
 2513
